Data/dj/flowtable/dj.aspect
ncols         602
nrows         680
xllcorner     419115.19009
yllcorner     2472406.72893
cellsize      500
NODATA_value  -9999
[rows 580 to 608 of 680, columns 192 to 255 of 602]
285.5615 319.7636 31.58382 35.05943 324.7618 294.5901 315.845 19.46257 30.47458 8.555558 18.62625 23.78203 30.82296 192.7322 198.0379 223.3365 276.5167 16.206 50.5283 35.31221 72.91121 276.9141 330.8693 15.34258 17.10331 52.36567 238.9014 267.3972 248.0968 137.5448 141.6135 78.71947 74.41955 220.5794 228.8141 117.2996 113.0938 253.5691 232.0961 214.4519 205.1386 186.6325 189.4623 172.2448 147.5933 170.665 215.5377 92.91084 104.5031 101.2805 111.7722 168.6901 316.1573 351.498 30.3248 45.79299 90 90 81.8699 45 8.130102 0 0 315.2308
291.0899 321.9003 6.885398 24.57931 2.635185 289.0897 301.0652 20.90233 31.76899 6.23708 23.65421 70.11062 86.18246 122.5587 255.1793 267.4137 254.5425 180.8725 92.20844 22.56516 4.524931 307.7191 288.8848 339.0108 62.78797 84.41868 122.4948 231.7515 195.1381 150.3179 190.823 249.5196 92.88297 150.1729 195.1858 143.4089 137.8719 264.414 305.5325 182.7263 191.6737 190.6698 193.3925 175.5842 161.899 225 248.1986 119.9211 128.3318 132.2989 134.89 90 270 270 90 90 90 81.86903 45 8.130102 0 316.1935 333.3163 298.5027
279.5125 291.237 353.2775 44.3905 38.39792 282.4937 275.2315 91.69465 107.79 146.198 147.0678 138.5144 123.8501 56.48631 309.7205 274.794 255.8739 179.5201 171.6561 314.0385 331.3631 342.6682 259.9343 190.3222 133.6766 99.98496 49.88423 152.715 177.9534 164.091 230.1428 232.5564 121.079 129.0408 180.2487 154.7151 321.8428 281.5467 307.7468 43.15239 30.6186 24.14554 154.4713 183.1454 189.4952 209.6264 189.1436 154.1234 141.2362 134.9077 90 90 224.7062 188.502 149.6752 134.207 81.87077 45 8.130977 0 0 271.2188 270.5906 212.0001
273.9452 256.3969 221.9059 88.21438 50.87396 269.7717 222.2951 160.4864 146.9953 159.3977 144.3048 95.22435 55.76474 45.12069 140.5971 247.3312 238.5246 200.8545 300.7128 319.892 327.4678 32.68055 97.59464 142.3996 142.7956 131.0991 105.1571 88.9792 86.92863 249.5742 240.481 195.5844 152.628 136.3366 153.4924 271.1364 324.2231 313.5312 306.6168 56.18176 8.392925 27.22798 77.04025 258.7835 219.5683 192.3194 176.0925 141.5388 134.8342 90 315.338 0.3360495 45.33409 90 90 81.8699 45 8.129228 0 0 0 226.2453 207.1681 227.088
308.7093 277.5369 198.435 177.7583 89.07096 118.3008 189.5445 160.9081 147.4794 334.4475 6.679886 28.06815 26.41573 12.52131 357.3349 8.522607 175.516 203.6463 251.6974 265.6591 300.7065 32.00538 74.62032 76.60751 60.9454 106.0138 141.0542 114.0214 98.50284 275.9266 210.1342 168.3567 170.2184 144.2539 91.45506 263.926 236.8411 275.1944 303.2317 72.38269 139.6402 198.0566 74.34042 48.61452 181.5744 168.5249 177.1342 134.7399 90 317.9735 276.8128 47.69434 90 90 315.4755 347.4182 24.59011 44.20701 0 0 0 0 0 274.2314
305.6979 334.3348 119.7874 200.3167 178.5524 115.4077 94.22173 112.4947 252.429 273.4843 63.98724 86.38438 357.0492 11.79131 344.2451 25.08681 43.17511 70.48558 219.4128 218.1095 248.1602 353.3513 69.4231 73.0245 97.5684 96.84639 86.70071 67.90135 60.90618 91.58363 159.853 159.4788 188.3236 189.8572 134.5329 228.5606 198.8454 234.0958 220.1366 126.6791 137.7614 220.9169 115.5093 90 270 90 46.43213 321.2149 3.427248 37.71103 239.7103 170.3519 119.8297 315.4765 315.104 344.6854 41.64501 62.84225 0 0 0 0 315.2107 334.5702
189.6518 179.7372 163.2791 251.565 280.8403 46.4688 72.24867 52.9921 247.457 240.7196 161.582 123.2727 231.8419 145.8351 185.3234 164.4566 114.3882 103.9063 176.3086 232.7218 251.0156 241.513 85.67336 87.44519 125.7996 126.3268 177.5105 145.5416 114.6038 105.2017 94.25652 316.9413 90 212.3288 179.3721 191.7585 196.0209 217.5383 195.1451 160.9659 149.0002 203.307 168.0699 134.9438 292.2856 1.994615 44.44374 288.6381 6.959015 66.39928 299.3272 69.67687 89.84556 270.2377 264.7814 274.5991 69.42044 77.2489 0 0 0 0 272.315 316.317
168.4078 178.4198 212.2672 225 247.9727 317.3373 53.9957 62.02593 34.15697 292.2477 29.26705 87.74388 230.8279 148.126 143.9726 190.751 135 80.88435 78.0138 220.6634 236.4991 219.3531 133.1524 105.9936 114.7494 94.81449 115.88 168.7011 114.444 41.79181 58.08635 133.2377 176.3673 131.5833 90 315.238 332.2299 0.9839215 345.1522 356.0411 25.27816 26.24342 45.14542 81.8699 304.7855 0.1842344 56.14669 272.8966 9.920944 73.33073 330.0441 43.8034 70.24399 225.3581 266.6065 299.0966 55.49743 73.98973 44.1987 0 0 0 229.2781 188.5397
139.2892 150.8025 215.3482 208.504 215.9704 232.5121 86.85504 81.41558 289.5367 264.1731 133.3152 103.8478 292.3471 48.17039 68.57275 319.26 24.91259 86.92902 108.0382 148.1725 232.0889 222.459 164.1915 112.0051 109.1064 114.8789 84.53522 332.2851 359.6919 64.52066 96.43298 315.0458 355.0731 30.80962 344.3428 334.1336 336.4945 354.7226 328.0006 29.2485 70.35948 41.62946 77.75652 45 264.3916 303.0031 20.44287 317.4853 5.095704 32.25471 352.0892 45 50.90202 340.9744 294.4519 305.4991 101.386 106.8971 89.18733 317.6943 0 42.30566 311.1859 339.9191
148.5364 120.2527 227.0666 255.3059 248.5271 243.7498 201.6951 96.6416 180.7796 201.3902 173.7451 12.88363 13.51178 117.3927 125.1061 203.7027 155.3441 137.0454 139.9072 126.8852 266.1304 257.6192 163.4652 122.3173 129.1488 150.9098 263.7906 305.2447 63.53425 48.80729 349.7677 329.0908 352.9475 31.63218 6.141008 328.8282 350.7209 357.8562 4.334633 46.98485 21.35066 46.52263 82.89059 0.763916 225.0821 237.1037 285.3552 334.3845 3.597903 12.81835 74.0546 112.5449 104.1595 309.7565 284.7786 148.5479 106.7909 115.8574 134.1756 272.8272 0 87.17281 304.3599 347.8573
200.3808 3.332878 352.9987 279.2745 250.4633 258.7631 270.8185 78.50545 92.1567 178.3302 286.5373 330.6063 43.01968 77.69199 120.0686 165.8277 154.7781 144.7745 110.916 99.0383 249.4636 226.9252 152.3059 138.0804 140.9865 128.5483 257.1627 217.2404 148.0274 322.2177 339.9558 332.2228 314.1651 40.57044 31.66489 315.4815 334.9785 4.505451 27.97456 28.30076 9.027613 50.80472 43.73687 25.00666 31.1407 269.1325 256.374 260.5377 101.3099 138.4105 137.4052 134.909 291.1306 297.7459 272.2554 136.0896 88.87949 77.49213 0 227.9735 277.9507 332.4831 275.7056 279.6582
301.3145 278.6588 99.31526 230.8445 251.2666 272.7729 268.2643 90.00629 47.63285 42.2345 264.046 256.7151 80.44192 52.3443 25.99402 44.60212 51.44935 14.03624 95.11654 119.0879 220.7985 196.1152 162.2705 140.4742 160.8096 272.386 219.5082 187.6223 237.2147 263.4731 231.1155 152.057 225 243.435 62.06741 290.6589 222.4362 185.6307 100.1247 103.0616 154.8321 122.9665 84.55025 65.9959 38.69438 343.3748 298.729 319.0856 99.46232 123.6345 156.9659 20.0561 315.083 302.0581 359.9523 59.03624 82.87498 71.82123 44.40011 0 271.2801 290.8824 279.1936 344.2902
65.04593 195.9806 191.2658 292.4934 296.7229 265.9717 176.4769 167.6299 202.2856 90.97749 219.5239 211.0475 168.2449 151.8584 34.96688 71.33768 75.11013 35.53768 64.15913 46.50198 49.58711 179.2361 160.7099 132.5104 226.1935 191.3099 152.7158 133.1322 230.4287 221.1075 201.9207 155.2578 232.0379 218.2338 128.8114 151.5571 193.8775 239.2373 104.9314 97.35238 129.2894 145.472 109.239 48.83055 42.48202 333.8436 315 336.8014 21.97451 22.53253 353.0428 11.36861 346.4772 310.4024 24.43218 58.42447 72.60643 86.98422 89.39371 0 308.6837 319.9828 300.011 9.776959
73.86575 244.2467 264.5317 280.3129 290.0136 249.0442 140.2426 181.8476 201.328 140.9875 176.79 211.7595 187.3483 204.2492 169.2986 120.9074 140.4477 194.7436 61.17444 59.92983 72.6236 1.205963 43.2286 0 0 0 0 0 225.5861 218.2335 226.4287 205.8055 170.9642 207.5678 179.29 158.3284 199.9391 231.4044 167.0926 101.7683 64.44003 41.18339 340.622 39.804 63.89996 297.2308 320.7106 323.3659 351.8699 21.42529 13.81503 33.96956 0 239.2671 148.684 149.7149 134.411 130.8773 134.3872 315.6031 286.8065 288.0373 261.1012 152.5094
88.96617 30.04954 229.3784 242.1409 233.0047 188.2858 128.4011 159.8331 198.7145 157.6266 270.1043 290.2863 147.3397 193.5593 178.6106 138.0786 46.73623 342.5435 204.9709 115.4512 99.0455 341.8604 32.91339 43.83083 0 316.1692 0 43.83083 0 351.8716 225.0656 195.1822 159.6142 218.5516 188.3268 170.1357 219.5597 215.5377 173.6598 150.8025 84.09386 62.52557 209.9315 123.083 90.02203 277.7611 288.4349 308.4181 304.1145 27.75854 62.59243 92.8624 141.3402 151.5044 145.0911 152.4331 153.0193 134.5155 0 270.6095 238.8246 223.4384 212.8727 169.0733
84.28264 358.0748 10.16638 219.1234 209.6526 184.5661 163.3287 177.7611 266.9777 330.8211 279.6288 163.7165 108.4457 142.5947 254.6825 295.9091 356.9872 68.4287 128.6598 127.6458 109.7581 259.6209 78.50537 25.25764 323.8899 332.7943 10.50391 47.91898 0 0 351.8682 315 314.6521 246.2008 182.2301 273.9055 290.0439 310.2364 21.80141 30.96376 126.2538 122.6192 157.0679 169.5571 45.05462 317.4917 275.399 264.3461 251.5765 156.8014 90.8814 84.61069 107.2701 134.3116 139.1933 108.1904 8.130102 0 316.2874 266.9552 255.152 254.8909 240.9454 307.9368
28.44504 4.947155 57.69439 79.4214 294.0812 168.9106 294.444 296.9738 283.3061 255.9806 248.1426 138.6655 103.3195 324.3847 335.0054 344.7782 33.69007 93.5323 109.9097 123.8092 90.43409 330.8861 45 346.3528 305.2965 329.1987 49.64344 83.74353 317.4362 325.9908 5.852717 44.41695 270.2329 301.4589 323.3181 299.831 304.5464 315.8814 31.55139 64.65382 6.842773 37.61396 33.27489 342.5528 2.489553 344.3578 281.3026 239.9314 183.5407 167.0054 147.91 122.4527 97.90414 100.0751 164.7639 134.3823 315.0549 342.7178 10.10304 17.35402 326.3353 352.3516 1.955872 339.2429
192.9995 124.9713 142.5582 139.2934 312.4651 3.525683 6.845485 297.0286 323.8454 1.041627 41.54698 106.3956 116.6715 297.1935 324.1103 21.60972 72.34988 93.30844 101.0247 76.37173 337.4211 6.873042 65.29346 254.7449 286.4396 328.2447 88.1088 111.2922 331.8087 318.3582 1.788672 46.69807 250.1593 276.5473 305.3349 282.6804 271.3322 263.6598 45 52.47156 352.4762 41.90594 75.96375 122.9052 184.7636 180 191.321 202.8814 153.8815 155.0952 161.5842 154.5367 133.7454 98.83247 315.1554 334.1602 315.2495 336.0327 0.0325815 8.171564 354.89 346.0125 343.951 337.4221
160.0237 151.3066 139.0288 298.6926 308.3348 13.79358 61.52417 285.5279 296.2564 30.38257 80.43946 89.1186 109.9831 251.0296 252.8357 98.89603 108.4279 124.0568 143.8631 153.2039 316.7624 71.44979 43.93008 319.4308 283.0722 176.257 94.35229 21.38953 328.5784 350.263 42.23757 82.88412 350.2176 309.7867 335.2944 326.6894 297.5252 271.7357 173.047 131.5664 156.5953 157.8737 135 143.1163 173.235 168.4554 181.6065 191.2021 162.6958 161.1527 171.1883 162.0359 158.6807 318.8477 319.7316 332.212 329.7479 347.8445 26.00335 87.81022 107.6101 210.6744 251.0477 237.4354
70.10182 38.38219 45.09612 274.3796 258.8488 137.7799 104.2159 271.9751 248.4986 145.2348 107.625 98.13264 107.3969 214.2652 224.996 158.3535 117.9567 139.9222 152.0205 291.2856 351.7019 48.96253 326.2817 273.6355 242.9551 169.5923 80.37324 357.0837 309.6639 12.30802 76.82745 61.18876 351.4228 291.0864 301.6755 336.8014 245.556 162.0956 159.5013 166.7314 162.0216 144.0903 105.2639 64.65382 60.60394 103.0084 169.5943 192.654 173.0669 160.8803 0.5729518 104.1115 320.2037 317.4634 289.9951 267.0973 234.9802 152.8057 156.8313 173.7841 158.5298 203.9492 206.0363 186.6548
40.22071 31.84208 32.02042 252.3401 204.5185 167.7352 249.7486 285.3071 288.0723 54.24611 79.50852 81.60165 71.56505 45.15611 219.0733 170.5546 129.8056 35.99751 21.91171 301.2452 354.1167 39.71656 359.9363 234.7665 205.2113 265.5028 335.8286 14.47029 254.3578 154.2327 106.8306 47.02425 351.3895 275.2057 207.5528 176.4237 178.6808 159.3184 151.2134 174.8056 251.5507 322.2369 11.47223 42.55379 75.9949 82.88388 50.46252 322.6943 335.9222 2.58629 37.65652 31.38924 301.402 312.149 229.1415 197.3842 185.5045 167.4222 161.9553 4.316208 25.30303 281.2939 328.8344 334.6557
62.92033 56.21492 51.4416 29.37902 94.2234 274.4493 282.308 282.5933 291.7624 39.15543 74.31409 38.01612 33.28917 46.68613 71.59369 73.61411 0 50.16259 76.46287 264.601 262.6507 69.70678 350.1918 14.23213 12.5659 258.4029 230.0084 137.8201 160.821 154.189 135 77.39698 336.9194 282.1507 11.30993 129.2894 126.9043 128.1545 153.3013 208.979 246.7816 256.9307 138.0152 112.2223 149.6982 131.9271 45 281.3452 270.0764 110.1354 112.1299 275.5627 261.6723 230.5288 135.0244 104.3533 94.00151 263.5584 282.5198 341.5627 45.40467 327.0508 331.1591 326.4185
134.7016 115.821 95.79279 67.81474 61.42969 291.5826 280.008 274.2142 265.1843 112.9769 80.76444 4.338267 41.72951 59.9225 65.29758 355.6013 14.04467 359.7922 334.8623 337.9225 350.483 25.90651 355.7538 56.2835 57.09057 241.4804 197.6344 173.001 123.6901 61.26662 8.137748 37.82641 31.01438 277.5884 71.56505 107.354 116.608 99.66385 45.22919 148.8681 211.6075 201.9911 167.0777 140.7982 156.4865 331.0158 348.1053 345.8879 285.9184 97.11621 18.43495 335.5776 300.9511 282.4259 336.8014 348.3049 353.7628 359.8593 326.4025 333.8531 31.59544 3.468229 298.8798 296.0901
153.7798 141.3322 116.5405 54.47266 63.47591 273.9928 275.9691 277.9508 234.211 150.0013 144.9262 143.427 108.9353 105.3799 81.38435 313.3317 34.97568 344.7581 280.0384 345.2873 18.09463 350.2724 36.01034 66.2505 51.73914 20.15493 330.9274 302.9155 339.313 356.1064 9.027613 28.77422 349.2812 351.686 66.2505 113.5523 112.5842 180.145 63.49181 59.10362 45 90 68.66888 352.4938 334.6499 332.9782 342.8973 357.1648 347.4658 0.4947202 359.0121 335.3408 339.5649 352.2877 340.66 333.1604 350.0343 0.8969252 353.8048 358.4878 21.94239 43.61128 287.4472 275.6567
141.3751 45 0.04091868 52.12502 84.25534 296.588 303.9525 321.7757 129.8056 148.7608 172.1042 163.6442 151.3032 149.3849 31.09863 303.1959 23.18707 72.5973 226.2529 272.07 347.9247 41.86975 54.46542 36.53901 46.28576 18.41202 304.9536 268.4527 255.6099 295.989 336.5124 11.52724 22.75098 69.67686 108.0539 132.7655 131.1859 184.3511 189.1503 134.1364 5.241339 41.63354 23.74949 327.8043 338.782 343.0725 352.7939 7.352379 315.8069 336.1613 354.9576 330.27 333.4349 359.8391 337.6129 327.4596 348.5228 357.2222 358.1732 16.17004 38.66887 51.5198 352.4701 292.7476
166.0479 189.4469 171.0274 119.0222 74.72723 295.2108 298.1008 88.06277 116.7209 137.1503 133.698 337.3062 7.666499 15.52411 2.142284 265.8642 146.6933 88.36903 310.6381 302.5394 353.0656 77.82854 0.881404 13.2764 37.35959 351.8699 358.6252 6.645495 318.7963 255.952 251.3843 139.316 108.7334 137.8624 135.0486 135.2091 84.79617 0.5729518 315.4122 321.4101 337.1311 24.27444 9.688787 306.8699 327.5288 333.0478 358.8309 6.259037 325.4456 328.2944 334.6349 328.5878 339.6881 1.127145 336.4538 322.9424 345.2942 3.909818 36.61939 89.85496 83.23191 54.90931 32.3374 269.544
59.03624 153.435 152.3969 284.0363 341.5601 295.9847 298.4429 115.8887 153.418 113.705 11.30993 300.1545 350.6327 34.75364 57.23424 174.0208 217.1467 17.89543 297.5746 263.1026 151.2797 106.805 331.46 356.3086 17.95617 5.000645 6.340192 34.4251 45.02122 180 199.2551 173.5792 143.9396 140.4403 3.648304 18.44069 358.8281 5.226433 347.896 332.1977 333.9297 48.36646 11.30993 297.7585 320.3228 335.918 2.15795 0.6861442 336.4747 305.244 283.0284 291.054 318.3298 358.851 322.8109 285.2086 234.0476 134.7082 139.0432 136.7229 329.8586 14.94589 35.94233 304.3338
50.28812 44.9313 31.94114 300.983 304.1958 290.6589 88.66654 77.90611 337.3238 355.382 14.2811 349.8672 183.6224 148.0474 106.1573 320.4358 343.9821 20.55604 275.0331 219.8192 166.6528 332.2234 297.951 315.8882 22.9228 69.74675 158.0557 135.8727 125.208 139.0051 140.3558 112.3564 33.23171 312.614 346.2637 42.2073 340.1597 353.3282 359.3459 344.5779 11.30993 61.2602 353.2902 289.7468 288.2945 288.4349 29.0546 41.78843 151.4826 204.5757 238.4037 231.7712 210.4229 184.208 191.1363 208.664 192.9241 129.0475 109.5684 15.94239 307.9943 2.672861 59.19401 30.09085
121.3883 77.66908 31.97323 258.8554 260.9494 241.7021 153.4506 26.1867 320.4839 11.15931 81.12945 97.0303 112.1095 154.4265 318.4682 303.1003 350.7067 85.08542 121.9699 254.3398 270.7591 288.4662 268.1913 277.2701 77.19573 95.47271 141.5297 158.6774 134.9706 83.17712 351.8661 345.5147 352.1169 359.4271 42.24778 21.38376 331.2602 341.0244 30.16195 346.3469 350.3112 0.8303155 12.22512 271.2792 235.188 198.7482 181.6776 180.2851 166.6203 241.7811 235.7931 217.9227 199.0678 184.3594 190.7843 220.4436 234.9213 82.60599 54.75636 343.5324 270.3807 143.7102 126.295 168.6174
