Data/dj/flowtable/dj.aspect
ncols         602
nrows         680
xllcorner     419115.19009
yllcorner     2472406.72893
cellsize      500
NODATA_value  -9999
[rows 203 to 231 of 680, columns 320 to 383 of 602]
80.84133 63.00684 84.10336 114.9048 182.181 232.9272 228.2551 222.9197 142.2597 129.8943 199.7392 214.5686 169.9755 173.6328 215.9039 244.3087 216.5387 144.4623 184.7405 39.7462 78.25166 80.24117 70.67104 68.19859 82.83646 114.9548 227.0454 176.3322 126.1063 116.8728 257.6746 268.4469 90.38205 245.0706 181.4835 174.5462 254.1462 274.3561 280.4473 274.2596 261.333 166.636 46.73579 335.7144 352.754 27.02645 55.25376 60.17811 354.2641 316.4442 39.65456 59.11599 58.15754 96.2869 98.55183 81.22825 325.3048 307.4429 332.4238 342.1781 75.43957 91.80064 310.0034 275.3183
82.77024 97.84846 100.3566 54.4247 11.7982 239.1453 216.4014 213.5229 150.0685 131.4157 210.1185 184.327 166.6075 188.8878 263.2796 290.9227 6.146626 89.88564 199.9538 193.5387 106.6857 102.8223 114.1226 113.0292 106.3587 76.67547 153.6084 168.4692 148.511 121.0343 240.9751 233.7964 171.8724 201.365 173.6738 245.5064 275.0835 263.7019 257.5519 263.6598 262.2914 263.2041 318.3486 321.5655 13.12291 94.69647 103.4652 102.4219 306.0787 334.4115 96.86369 98.88066 93.86546 98.99244 95.67822 63.21876 318.5217 323.2508 345.0686 30.09735 91.42027 98.20206 210.3619 203.4679
130.4196 110.9223 79.51338 349.9505 25.39851 67.6299 183.4121 209.7273 170.2147 161.4924 213.946 162.7354 158.8434 271.9946 287.4807 292.1129 37.07926 71.46575 44.52649 159.2958 122.0759 94.99208 83.78897 102.3885 128.9177 177.5105 70.89873 59.72915 116.3619 112.2711 261.0567 220.1419 159.6152 199.1911 197.938 242.8311 268.6704 264.7145 262.9695 259.5678 238.6541 233.3953 250.039 201.712 152.2103 138.5225 128.9227 156.1398 244.29 152.4472 138.1798 140.1408 119.7289 114.721 115.1871 357.8403 312.1617 301.1593 343.4429 57.43092 70.78481 46.45954 4.695365 346.4786
147.7362 135.5817 88.32627 143.4031 130.1792 124.3824 129.4097 203.8696 186.1886 215.1342 212.9276 158.9684 301.3939 299.7637 290.9547 290.1448 55.91113 73.85349 64.09349 99.73064 121.251 103.9283 60.06849 66.64648 82.98814 202.1095 201.9779 80.39088 89.38475 87.3448 277.4947 179.9364 126.7671 288.1003 319.2137 275.0636 264.9956 265.7531 266.1441 243.1061 211.4948 226.8383 223.9002 161.7552 152.0486 153.8315 135.3732 189.5999 223.1049 148.2684 131.1393 146.5177 132.0351 118.6167 338.8796 342.8563 316.5964 289.2765 348.8708 80.98929 77.13725 12.85809 350.2774 340.2096
125.3276 156.883 237.6755 101.1849 103.9107 84.87156 67.69475 45.06329 281.981 265.5833 259.6892 319.0662 319.0083 293.7784 257.8203 252.3075 99.36651 75.98696 59.67175 73.97102 90.93087 192.5674 71.0378 76.22402 76.70782 100.834 190.6109 152.6148 116.6843 317.7744 315.2901 88.08289 287.7445 271.0699 263.4373 270.9204 262.2174 269.3591 266.5591 226.2563 234.1564 260.2964 258.0673 102.6407 100.8005 118.9872 93.38876 160.0296 227.2379 150.2888 104.758 118.6105 88.55588 343.0233 341.2361 27.07465 304.6952 261.4966 162.4952 114.4408 70.42323 331.1804 332.8695 341.764
64.5037 353.1557 348.263 70.88988 42.44812 25.3384 47.11334 42.03181 260.934 210.4169 278.771 294.9089 275.0694 227.9843 227.2026 248.1428 228.3109 79.46082 84.1226 99.35141 103.6713 226.6972 246.4477 86.8805 80.39988 55.26777 81.09979 128.2054 118.6026 247.6184 206.1689 115.1391 255.1437 266.2999 278.9002 285.8025 274.8793 268.3777 258.5576 247.3597 279.7607 273.1849 238.2059 113.0678 89.03092 20.32072 50.22486 50.96142 215.5136 160.658 127.203 50.85601 354.0194 322.4907 353.9559 57.06367 30.62887 201.0413 166.8359 153.1817 302.3839 315.2865 327.1792 36.32183
57.97827 348.7575 53.31919 98.83341 97.59464 86.91084 90.28524 83.39203 106.1898 213.4047 246.8586 211.7959 193.9053 219.9521 256.6824 269.2284 278.7462 78.64794 98.10553 104.9199 97.24094 219.1933 206.1139 90.96125 74.64723 53.90256 18.77293 11.94143 37.48334 45.45994 201.8393 135.088 240.7599 270.0837 292.449 310.7946 299.5779 287.1845 291.0863 309.5845 298.1726 255.4863 196.7367 157.0163 122.6896 176.1155 193.3199 40.47385 61.85057 114.5469 152.8787 292.3194 329.4625 318.9767 26.48835 79.85445 79.9025 85.72958 90.92265 305.6982 303.2951 276.7426 198.1917 139.1376
32.62342 32.00538 109.6891 138.6127 175.8115 134.4644 122.2864 108.0522 78.19787 224.8091 252.0923 261.4463 301.7198 289.3667 279.2891 259.8753 242.9209 83.08878 67.63487 67.15499 57.72821 65.00669 170.3401 126.302 101.5679 123.9781 258.7342 70.69639 82.65168 83.38319 261.0178 180 274.6986 269.9835 265.8018 279.0715 289.9106 294.9849 309.7376 322.4635 318.4498 95.50613 163.3457 161.3598 124.8962 198.4322 250.4322 145.4478 121.1735 123.5046 263.5748 289.3147 302.2041 310.0882 84.7238 92.01347 21.03751 28.59064 9.422312 313.6994 310.4058 185.6359 167.3435 143.096
54.70665 108.7214 121.1622 132.293 63.54902 74.11986 42.22979 19.67154 42.66196 50.97631 274.7581 289.0149 314.5466 287.1737 230.8225 226.427 235.3781 225 85.17381 88.18581 81.52018 45.97765 46.14576 85.83129 96.90076 104.3814 179.4387 166.3026 137.6925 110.8093 224.7102 187.7266 261.4963 260.6519 254.0902 268.9584 289.2198 293.7297 299.9272 306.0604 166.7872 125.1026 130.4172 145.0778 136.6523 279.722 146.7683 139.1081 145.6022 149.0362 265.7428 279.1416 249.6439 196.5098 129.7226 76.37757 13.85142 14.02457 18.08678 249.6952 155.36 150.1342 159.1898 93.13966
96.98316 101.0596 65.9259 357.014 359.5127 33.522 39.45717 44.10229 70.39609 72.66333 265.088 249.9293 212.2547 192.8407 261.5359 273.5285 267.69 267.0676 91.68882 89.37949 58.89119 19.90847 43.07712 46.69536 52.73582 65.38136 91.0707 138.4193 167.4099 30.09711 20.84944 30.13499 240.174 238.8755 280.2402 296.7511 292.5459 293.0463 291.2431 146.3109 162.2793 173.501 144.1302 140.4765 181.169 232.5921 145.0195 123.7493 146.1497 195.4106 246.9586 241.2274 176.5732 182.4471 191.9472 125.3313 55.30485 75.39256 132.0424 173.7964 136.2545 114.7751 149.8006 145.008
92.89789 54.00175 1.980621 6.068993 33.69007 93.0643 114.0373 103.2883 103.5269 120.3425 289.3267 251.231 202.2872 259.7643 294.9957 322.4463 282.6236 246.759 99.64386 60.41776 26.38141 36.28384 46.82797 40.25883 53.50552 58.3925 59.84559 86.10059 233.9679 231.1923 90.2103 329.4902 325.9156 344.9655 337.3463 321.1537 296.3435 273.1316 193.5232 130.7307 163.1147 198.539 144.2933 144.7824 181.5348 198.4361 148.7845 83.17313 70.03443 249.4596 258.6914 225.2953 154.7989 189.8193 200.7019 173.8147 221.4965 55.60092 62.01374 355.2884 19.3182 67.44035 120.7281 160.6955
76.37486 68.32141 307.1083 35.24062 85.89098 108.8906 145.0882 143.9319 110.4803 207.2771 250.1534 225.7621 225 254.189 240.3988 214.8365 236.0629 188.9149 142.9035 143.7074 98.1301 35.9285 40.89 68.17307 87.06036 78.97347 43.4426 44.06328 30.71546 182.4547 159.2674 280.2979 288.2934 314.048 335.8725 333.1487 314.1636 216.8375 168.21 142.2635 197.7671 223.8252 128.604 139.0702 153.7873 249.5574 319.2683 32.6775 61.60228 82.95423 256.5472 216.5111 120.963 208.1222 190.0057 174.8545 244.756 200.9176 97.74088 312.8139 55.53918 98.00914 100.9679 108.6075
92.07003 109.1375 237.3492 119.7449 80.16953 80.12302 103.8724 147.1528 119.9476 268.1675 256.9445 275.2831 310.3713 288.9867 270.8303 258.8899 249.9679 176.2139 137.4264 165.3651 217.98 312.3974 85.8382 105.1147 107.9211 58.1204 11.57093 29.33149 33.46739 32.75647 358.9675 262.2267 235.2656 255.1638 285.8471 334.1384 51.18862 130.2777 152.9044 175.6864 249.9403 292.8712 52.16629 87.45463 319.7676 289.5009 265.9357 120.1735 104.7862 113.7139 239.1574 202.2176 112.7532 195.2551 200.3451 232.7652 235.3311 184.2203 195.5336 224.4063 129.9138 95.75696 73.14678 59.1843
103.2559 98.08214 242.7595 224.5165 86.5618 62.31306 66.87048 85.61154 118.1749 303.8301 317.6454 318.2849 324.2933 325.9992 318.0197 324.8025 348.9255 81.00621 119.4019 164.1199 257.0217 166.2184 132.1062 101.2207 44.38887 356.0374 14.62626 29.48521 38.43469 55.38457 346.0688 47.46354 259.3889 263.8159 264.9662 188.1301 127.0107 125.9829 120.9686 229.8925 281.3118 310.6273 84.55609 112.2116 217.7033 261.1355 194.831 126.0802 118.322 115.2189 220.0729 206.2531 168.223 150.4107 212.8409 223.5559 163.3457 175.452 207.1039 192.4143 168.9735 152.4394 101.6336 74.64445
114.6497 113.9625 191.2415 190.1591 161.0327 80.94211 70.51956 61.65247 46.76306 283.0646 297.9931 310.2783 319.0605 322.9833 272.4309 271.7715 55.0369 89.19054 100.679 189.925 241.9594 136.425 85.63649 40.79464 35.75742 41.81517 93.24648 66.33686 50.68957 63.8034 47.40017 329.6017 321.4244 300.057 275.1258 152.0764 122.7632 148.7028 142.4208 282.3918 282.8003 178.0155 124.3345 142.5336 267.2737 275.711 124.5085 115.71 121.354 126.9448 176.5801 213.8736 180.7601 141.511 203.0436 203.8309 148.6104 176.7104 204.563 186.6874 178.023 174.2374 165.9638 153.435
118.7007 138.7057 157.4469 159.479 196.1943 186.0469 100.0879 74.07102 72.61545 270.2881 281.9925 292.5368 277.9575 159.9671 219.0989 230.5862 180.9278 104.8673 83.34704 126.9189 220.8706 206.9792 335.8545 29.85429 60.47366 73.87544 94.4509 152.2892 163.7524 81.90898 75.6906 282.4575 295.0246 275.6924 235.6197 158.7616 104.8603 100.8448 3.852916 273.1748 223.1938 156.656 138.1614 184.6888 267.9344 281.1516 98.31028 81.04893 85.20016 115.2573 136.0919 237.0896 162.3381 118.7012 192.9499 211.5514 176.3178 233.5308 279.8658 308.019 68.39262 121.8836 162.6482 186.7313
122.8234 142.6143 164.2146 142.5064 198.9037 204.4822 152.5775 101.1094 91.62192 287.9214 280.9746 218.837 166.3882 163.5988 219.8849 227.7433 185.1428 163.6422 120.2481 95.11757 194.2847 224.717 243.2711 78.38851 71.64916 86.25724 104.5076 123.9365 182.9289 127.4295 105.2333 268.3106 236.0478 193.4785 219.9625 199.4115 107.2317 131.1518 199.5538 202.6157 178.6314 151.7247 137.1358 294.4484 281.0342 276.8428 84.61069 84.75818 82.22672 80.9811 102.9865 244.4236 139.3578 123.6156 229.0484 272.4707 206.5994 240.4572 301.0961 356.3776 111.746 125.6979 112.8997 157.8336
127.83 85.32229 109.0547 127.507 30.12241 211.9534 189.2196 127.951 109.5853 258.9737 219.4966 164.7449 166.9693 201.3701 243.9447 219.6815 170.8821 170.1775 200.7541 66.28062 74.94927 228.7637 226.7464 206.0693 101.9761 102.9794 111.2505 81.02737 94.0078 118.9924 139.6333 252.6508 229.3845 239.0362 264.7737 249.0573 115.2991 141.7717 198.8447 205.8388 138.2705 106.7024 270 290.0465 292.7394 164.0546 130.1792 148.521 137.2875 105.5215 133.6542 273.2977 79.98087 92.9464 277.1728 303.4465 42.12259 270 269.7582 99.46232 108.1708 138.9852 180 120.7521
347.85 74.91753 53.11222 335.2058 47.19243 14.1925 354.1861 85.75661 66.17001 228.1905 185.7114 148.7268 163.5425 244.5927 218.2074 201.9209 155.6954 160.3259 237.8905 239.5966 71.83454 94.94503 241.1044 239.1221 82.03039 64.90972 61.54298 75.25644 87.06432 81.29393 49.77156 257.6025 269.3144 287.5002 259.8917 201.0044 138.6551 118.2444 300.2341 216.1151 216.5111 88.33706 231.1532 252.3903 221.3618 152.9699 131.6773 139.2057 157.4794 85.04155 51.93042 255.3041 106.8349 82.61732 279.295 273.6644 9.777375 2.694508 276.6924 41.78452 64.25516 66.99768 179.9362 120.1891
29.27965 86.61022 349.8796 351.6105 61.33857 10.38847 8.02475 7.544796 2.0876 27.94838 40.44788 71.52199 270 224.9745 195.4916 187.4973 162.2915 178.1458 227.3859 229.1347 70.22952 51.22326 260.126 242.236 264.4007 59.87096 71.30102 92.59161 115.4838 90.00209 53.0146 282.3466 228.6979 210.9638 199.2127 176.3678 161.5716 276.9284 339.1393 76.40356 287.6501 73.14903 141.1292 254.8799 208.457 127.7843 97.03794 73.73979 111.3706 179.9796 114.5101 169.6391 156.4 149.6324 274.6478 280.4258 301.2029 30.76838 303.8479 348.6012 53.05466 54.71246 30.35759 80.47189
53.1301 47.10441 329.5819 0.2664901 50.69992 53.83895 301.4206 309.9026 354.8229 39.35945 48.95064 61.34055 224.2209 179.2308 307.653 51.28421 125.0269 226.0873 187.0563 238.0164 231.3854 105.8458 160.2456 251.3745 261.8388 93.12881 83.74596 77.08396 86.06522 94.71249 96.50511 236.0241 160.5297 227.1858 240.7672 116.5994 300.4882 270.543 164.1676 325.5392 294.3701 113.402 174.498 243.4313 240.1541 45.764 72.61296 102.036 117.646 169.6826 118.6646 139.9983 199.427 282.52 290.8637 293.1443 341.5501 349.992 268.0583 209.7449 106.9651 98.67376 105.9601 100.5724
32.79282 36.44112 322.4253 350.8296 68.11141 56.59259 328.7721 307.1358 351.9793 66.2155 71.20909 42.07424 12.93222 4.618165 317.55 49.27862 88.52928 202.8842 175.9125 233.5664 212.7041 142.2576 186.9316 261.5237 260.7067 86.95522 86.76328 95.27865 111.7533 122.7142 151.5761 195.3734 132.545 288.6555 299.0546 326.9761 342.0069 355.3645 163.3008 220.684 168.3815 125.9996 195.168 246.6709 261.2368 122.9052 113.1986 141.3492 91.71268 75.9848 71.02901 81.84738 239.7813 255.086 268.8403 262.5686 173.3822 290.4473 264.7993 152.0147 140.4158 139.0634 132.0129 117.0127
16.18072 46.47223 345.8783 359.0504 79.7114 33.86789 324.2847 314.0539 40.82143 93.4557 97.85038 349.9261 29.60106 36.96528 239.5859 121.7606 76.56364 37.96998 134.8938 223.0765 194.1345 149.7001 241.433 248.1635 252.1524 146.8887 91.8057 98.46289 118.34 135.075 180.898 189.2433 249.8087 272.8372 253.6105 264.7188 171.1687 130.6991 208.2992 210.6507 121.5043 63.62164 54.48944 253.2246 235.2787 152.2618 125.9524 189.1624 112.6938 149.9359 119.9713 75.07442 354.4619 258.8648 261.8699 233.1981 186.4188 255.4655 97.12502 103.7608 109.4289 124.2958 126.2992 116.8569
198.869 70.1593 359.0151 18.33087 59.28959 24.82606 309.3504 314.3206 102.1419 100.1487 53.78776 341.5651 69.72954 43.17203 30.55454 36.8699 359.2784 34.37789 48.35767 173.9114 193.7796 299.4401 314.6593 287.4236 261.2613 171.0076 107.8105 90.40925 61.89085 37.61081 25.73336 319.8409 310.7395 309.5234 354.5597 218.1572 170.6873 133.2212 249.1851 247.6199 0 9.125993 60.58902 237.355 210.0049 157.816 160.7873 187.5947 115.4077 109.9895 152.4072 117.0162 87.33817 281.4664 275.4539 180.5563 183.0807 225.0022 185.8672 91.91828 81.28856 118.0081 165.8284 131.604
190.6 180 302.9387 23.3931 56.28082 25.9204 314.4974 25.49364 81.49812 55.94876 15.80251 31.2996 40.51517 340.5702 16.34505 29.96957 331.2292 18.59036 44.99708 57.15249 285.846 283.6658 297.3148 268.7078 270.9669 93.72406 102.9368 109.8754 123.936 84.03666 84.4164 283.3336 303.4218 311.7459 51.60527 103.8268 189.2047 107.9432 257.387 210.6145 182.3222 211.5241 95.02408 108.435 204.7174 183.1798 147.4705 208.9846 197.4472 76.13728 60.84162 94.18124 131.7384 239.6453 207.3771 181.9466 180.0125 208.0092 228.6259 133.172 109.6121 124.5585 220.9828 355.6803
210.1916 266.8109 253.5231 152.6844 99.97206 54.6664 283.5704 59.68322 34.0298 6.193511 19.00992 38.01479 350.6297 331.3404 38.87025 53.63201 324.0903 0.395137 60.62534 74.00404 248.8698 253.8208 205.5261 202.5952 221.8711 168.0676 112.1968 113.5132 171.7799 141.8214 108.5005 257.9482 265.566 240.3169 126.472 128.2047 227.1967 130.2269 224.4032 180.7936 173.6591 220.3869 140.5872 101.7848 161.5714 236.7472 88.11275 229.4966 234.8669 94.03914 66.69834 72.0667 77.94289 218.7733 195.1741 207.3434 193.7137 235.714 261.805 135.4122 110.9265 93.36647 315.3541 355.1223
198.2272 236.0191 188.8068 161.2856 141.7339 157.184 204.6051 192.6357 266.2954 344.0546 27.94541 32.43165 348.3853 332.0502 47.09809 52.45168 337.9517 164.7861 106.5655 88.68043 45.11457 233.5156 193.8846 165.0326 200.382 196.5471 123.447 99.27794 303.4127 10.07517 62.79167 278.3788 260.7959 196.5571 116.5749 90.73982 227.9225 145.2398 183.9742 190.8758 218.0229 263.0356 138.5763 104.5889 94.12844 221.6726 152.488 153.435 253.8292 88.60213 79.24903 85.48942 70.59302 21.95472 108.435 214.2957 200.1293 226.3357 214.1367 146.8162 116.2787 339.7635 268.0583 148.844
162.807 206.6724 172.1136 161.4804 154.8995 138.1748 200.276 216.7477 207.6455 200.7421 196.7315 11.98541 352.857 342.5733 54.95878 63.869 73.0394 126.7328 119.8801 86.1049 0.5002677 8.550107 102.5315 144.3802 187.2605 238.6279 130.9678 101.1055 284.5372 2.456706 74.58112 254.6402 235.2702 194.1985 148.6598 77.43657 127.5786 164.6649 152.4244 232.6468 260.8913 252.6882 135 167.7352 90.77164 114.4596 166.3041 212.6821 259.898 191.7773 61.4096 29.3258 36.78768 43.67401 33.58577 45.12861 224.884 213.2722 187.7069 164.3302 187.343 190.0222 192.9617 170.0229
104.479 196.2583 162.1105 166.0706 168.4524 140.4403 242.1027 240.2551 216.7559 231.4146 239.9586 270.4021 335.9685 99.85788 113.0089 78.41425 71.79019 66.56949 50.21936 4.577098 348.8001 32.52255 36.0815 357.9805 5.421404 31.4109 127.9531 119.904 281.7584 343.0455 64.30813 61.37027 202.1018 213.6874 231.5819 102.9001 105.6777 184.4895 152.2299 217.0272 224.1114 186.0603 163.5161 182.3802 167.0054 121.2261 31.373 290.5725 256.6943 232.6209 199.9998 313.3798 43.88178 23.02369 11.20181 41.78536 31.84908 45.39319 90 90 224.9256 179.935 154.3429 179.9737
