Data/dj/flowtable/dj.aspect
ncols         602
nrows         680
xllcorner     419115.19009
yllcorner     2472406.72893
cellsize      500
NODATA_value  -9999
[rows 232 to 260 of 680, columns 320 to 383 of 602]
82.87498 110.251 148.2518 172.2399 143.067 189.4934 237.972 264.261 291.1878 289.8626 296.6175 292.7798 22.33544 103.746 141.4252 95.41615 89.51793 72.05969 2.036437 347.3546 349.1797 45.34309 20.41568 356.234 43.44426 90.72186 112.3232 124.5404 269.8806 281.6029 69.96805 50.73885 39.63666 258.0417 225.9169 130.4961 114.0794 216.0754 299.8864 323.6965 237.8389 172.725 208.2894 175.5077 149.2901 215.7081 311.3345 34.06581 230.5163 236.4855 185.7106 226.9321 137.8396 346.1929 25.98733 52.68949 45.01861 58.32222 90 90 90 90 98.12311 135
29.74488 26.56046 34.44654 23.58776 40.14963 30.49508 254.2938 275.0565 290.9427 284.1495 282.9274 283.1626 79.60795 87.81836 116.1506 136.5147 78.92877 5.486156 351.3638 91.10881 203.5713 88.23217 83.21103 148.3719 139.365 126.2382 117.1679 329.7646 262.0516 241.619 91.71265 60.65397 58.55671 189.3541 204.7892 147.0418 133.5829 258.1069 320.6551 355.7961 34.55343 91.0455 260.7708 139.5105 102.7166 269.6287 248.1012 122.9337 172.6354 212.404 234.1001 314.2801 6.483396 165.733 173.5011 19.94524 39.24982 54.03025 45.39251 90 90 90 90 98.1301
37.61396 65.66612 81.45604 83.97065 90.0956 95.2133 270 271.6867 270.6031 264.8056 249.7269 229.1112 153.5867 108.4828 108.8018 153.2548 338.4539 358.9002 58.3392 115.8374 197.5072 185.9525 118.7034 134.8657 153.9237 105.7569 57.33723 310.2759 287.6867 293.8256 19.62226 58.41967 79.83922 96.15038 224.8955 98.16785 59.26629 278.3909 273.0907 90.08817 122.922 81.38023 218.059 164.9678 110.3507 277.1754 224.6033 128.0272 121.7217 240.6286 262.3659 280.127 52.22129 80.46187 246.7777 255.9612 85.56187 81.26613 63.31796 90 90 315.0623 345.4827 22.63408
123.9658 132.9975 115.0201 117.6786 314.7455 359.9727 351.2174 285.2198 263.3952 283.9902 282.2307 224.7498 166.6763 125.8465 119.4044 231.645 261.0963 229.3045 95.05286 97.87453 205.71 226.9378 100.0348 91.70468 285.0411 8.820798 43.98906 305.7753 261.8699 261.0421 319.7636 83.79393 87.95352 15.38864 349.0816 20.78417 8.185337 4.846284 231.1707 158.4723 286.7625 88.18207 125.522 201.562 233.7127 240.465 203.3805 123.9875 119.711 258.3651 262.612 258.8948 111.9476 106.2209 177.698 195.3536 153.9144 110.6755 80.59923 90 315.3369 296.6772 335.9825 68.76921
145.8855 112.249 102.924 132.7332 267.4618 316.324 16.63094 104.8695 274.7809 291.0892 332.5419 128.2775 156.6639 134.7517 150.0627 215.2407 194.0009 210.0999 106.1365 94.30515 266.5266 282.5132 81.02962 81.15362 299.1359 311.4393 23.09682 358.5047 296.4243 276.551 173.4537 104.8135 94.0679 328.6083 327.8825 18.27425 38.70724 68.13583 101.4584 194.5079 198.9519 128.8967 130.3133 290.2883 317.7999 347.8622 261.7693 8.792071 56.4537 227.0695 238.0219 240.5778 160.2532 97.08841 124.9901 176.6959 152.3377 83.39323 59.64283 45.12416 310.3594 312.0578 94.42579 119.7449
221.8377 29.74488 72.25533 122.4678 183.6045 208.0907 209.2973 344.1775 312.9316 301.1968 131.8054 130.2364 137.5194 132.9556 169.4178 206.751 210.9638 266.2931 88.33369 86.2381 291.2671 273.9046 86.13081 82.33248 99.19417 244.2904 308.0728 8.348558 326.8079 302.1639 93.7314 95.16846 60.36161 342.7022 308.9889 21.70544 65.86935 41.40911 59.5901 91.92018 198.7993 119.2745 118.7883 269.4074 295.6592 351.3731 333.8298 353.5397 37.9153 22.09116 295.2395 259.2005 252.646 71.3422 75.35239 144.4082 172.6904 129.5733 102.1684 86.40789 283.5413 313.9054 52.1714 55.43194
243.9797 259.0772 79.56978 101.0104 169.2395 252.4908 262.2107 294.237 296.991 103.0161 116.4683 108.5183 89.12197 91.60725 137.2627 222.8348 265.7217 291.5014 66.43363 76.74375 102.5375 215.9587 137.9531 98.09376 93.47688 289.67 310.0303 19.11514 289.1705 229.1709 117.3203 84.28461 48.31658 357.0735 293.0316 326.5726 36.01075 41.88916 70.04259 46.39381 11.7279 334.8742 10.36487 0.6598493 249.2663 261.2687 264.6107 216.573 85.41194 50.28344 318.8566 323.6454 347.5741 94.89315 103.7445 332.3969 51.66662 115.347 160.6611 327.6987 282.5593 302.1871 25.90324 35.62614
256.3589 231.3036 122.7509 104.6444 282.4043 304.9261 330.4236 289.44 218.4866 154.7254 122.5524 111.5493 107.8333 104.3186 94.49548 271.3883 255.6815 237.7489 118.1075 88.35165 76.29014 178.1355 170.1122 125.183 63.45406 278.1805 283.4602 4.009177 8.458913 104.0329 127.3332 98.02453 82.43725 85.24031 261.1543 281.3119 41.56637 81.54498 64.66283 354.4189 16.85012 331.0153 45.03927 93.48178 240.7681 229.1306 197.007 189.9322 156.0803 198.435 288.2563 280.8641 118.54 88.17165 50.12885 338.024 57.3085 81.27663 317.9404 330.8289 303.664 296.6922 346.1225 24.90023
273.764 238.9378 129.447 118.3577 227.8179 283.1158 334.0256 31.63141 116.2742 156.458 127.716 104.4957 113.5483 135.8131 186.9425 229.6248 229.7404 207.376 154.2053 122.1337 75.57922 71.66753 128.3938 304.457 359.4545 341.7961 266.9582 303.1535 62.69785 87.56041 113.3177 119.3391 48.08855 46.59953 163.0586 228.6422 169.9856 89.50179 33.9298 355.7636 45.8814 101.3099 122.9128 97.93938 283.1929 265.0753 276.3123 286.127 53.1607 267.146 240.7257 202.1095 216.6341 54.18237 20.02448 356.5074 67.13583 62.57745 302.9599 317.8813 313.5198 295.2011 323.894 23.41072
283.8091 247.751 120.9638 113.1986 242.565 269.6994 286.7101 62.10273 67.49496 28.5707 38.51693 86.82017 96.24416 117.4835 211.0295 200.5332 205.6155 229.8136 107.0108 114.4429 121.2022 88.24651 44.50734 292.8925 330.3069 7.173422 321.8247 329.5496 87.72257 76.17004 36.5394 13.95829 2.862405 47.98226 69.22447 219.3762 192.5167 112.8737 128.2338 159.0573 138.5768 139.392 134.183 111.982 228.1175 223.7179 226.732 281.3983 65.21423 165.8888 202.3357 197.9154 220.2493 196.8161 17.35402 52.84362 77.32173 71.12042 270.6217 260.4102 281.8703 286.1252 298.7175 47.46282
268.8693 330.3763 71.56505 86.93819 244.0455 252.9136 243.5051 113.3049 101.4982 164.389 143.924 102.1639 94.21565 94.8852 205.1542 201.4121 246.5861 270.8814 70.38791 85.13194 106.5142 82.70248 63.73874 260.8987 260.8513 311.5761 338.0851 50.42322 83.61674 76.04966 83.15903 108.9246 164.9816 88.1905 65.62804 85.83644 166.5301 162.2373 137.9511 158.8208 157.5469 112.7965 131.2493 144.338 181.6506 197.6601 215.4469 216.2458 155.4895 156.0325 226.6917 181.7184 206.9137 216.0616 206.7549 111.4302 79.9194 72.13828 253.9658 242.5795 269.3055 273.2593 239.1654 142.1431
301.219 353.9941 41.71114 68.54637 121.7561 247.9905 249.17 128.1026 106.8592 180.3516 146.7832 80.61448 80.41891 80.83643 120.8576 237.8985 269.3983 232.8777 155.9657 116.6454 63.44234 37.62507 62.96677 291.9242 277.7451 272.2679 233.2971 94.78088 88.74759 101.4137 136.1934 159.8057 178.4089 150.9454 129.5597 98.77621 101.3099 175.2127 119.8197 131.8202 222.3394 86.00745 57.7364 73.25648 317.9363 2.793273 224.8908 201.2176 164.2235 196.651 227.973 121.7291 175.0236 223.6577 203.3215 175.266 169.4206 97.59628 164.5372 273.9194 285.6509 274.3987 182.4471 139.4388
322.7341 99.46232 223.0711 85.57861 79.44837 272.2275 257.9288 141.3905 105.6004 292.1479 323.9549 66.54839 78.00665 78.65434 77.89439 271.1144 227.8038 174.1901 167.7156 173.1975 184.8196 133.4431 115.0934 242.1344 253.0195 238.3821 207.7839 91.94149 56.64176 73.40331 101.0595 171.0834 168.2478 148.9348 174.3226 135.0083 90.90412 128.2338 144.4637 171.6584 162.19 157.4045 157.7706 108.3819 313.559 350.6729 30.53009 45.19312 90 224.8064 204.4142 178.747 184.5152 277.95 198.2056 181.6216 190.1346 170.019 189.4274 277.0565 276.755 256.0612 150.3616 112.1511
203.0426 107.2931 186.8301 106.951 108.4446 265.8264 244.7843 146.1464 128.2385 258.9407 231.7439 110.7421 102.5198 90.37177 88.38505 208.922 179.1664 167.7753 172.2843 194.4727 191.6767 165.6641 155.6841 236.8477 227.5638 220.1526 215.7823 190.5327 123.8182 83.63056 87.0028 158.8059 144.9649 134.1987 187.0284 182.4939 135.5616 105.4155 354.9364 25.62598 100.1394 164.7482 179.814 315.4586 304.1906 335.122 34.05231 55.396 90 90 90 223.7611 264.7982 255.5334 108.0999 134.6778 203.7241 188.4223 228.062 245.2595 232.5749 218.0224 162.8855 126.3859
257.1523 75.34325 120.6064 116.2361 131.2146 233.6796 213.5669 167.9453 81.20408 268.7647 159.4756 112.926 112.6737 106.6431 113.6748 180.3794 231.3122 29.5191 61.47552 181.2953 188.8013 187.5989 257.465 305.7878 276.3402 252.5777 227.7962 189.2686 187.5764 115.0631 109.236 164.1619 103.0967 80.61086 40.6013 206.6108 49.76364 339.6798 343.9489 27.76616 36.70086 29.85728 21.41448 305.6453 293.709 291.7519 39.00086 61.27407 45.09214 90 90 90 224.8902 189.8777 151.5494 134.7441 90 98.12311 224.9325 222.5149 227.6584 213.2243 173.0333 148.2767
255.4034 116.3331 107.2415 66.41799 9.837733 342.7993 241.9841 210.0119 194.6075 239.4761 104.1361 89.42322 95.17608 106.5948 110.4159 302.2863 329.933 69.84239 89.45435 81.60708 135.0286 254.9816 277.1892 299.4759 95.82634 258.9011 227.8338 173.2902 210.7216 104.9906 103.9985 186.3288 150.8025 95.46329 19.11917 354.6624 345.2602 313.5995 331.9275 20.5485 39.57835 41.72606 354.4182 330.9162 344.8617 341.875 38.60361 64.29646 32.16864 345.3478 22.48038 45.07184 90 90 90 90 90 90 98.13709 256.2256 240.9977 197.4037 178.0874 183.8384
264.8056 136.0809 2.526117 346.0115 359.5608 24.71992 83.24693 177.2724 202.2094 196.7239 161.7176 129.5432 122.0137 116.2844 137.0096 270 108.435 115.2405 131.9335 106.8529 26.52211 302.4702 292.5192 303.6901 102.5131 225.9134 214.7325 165.7931 222.7971 104.0801 93.88174 169.4918 180 97.14269 44.92842 180.0718 205.0378 243.9998 222.7204 162.1381 110.6108 50.39987 333.8695 314.3658 340.0385 25.14095 22.50353 74.43624 82.36336 271.7144 90 90 90 90 90 90 90 90 90 224.8646 210.7363 214.7663 312.7075 291.0671
38.33994 65.48701 293.1594 314.5888 20.07153 87.63676 116.0124 160.218 211.4296 185.4403 160.5773 146.4683 142.6745 138.2428 193.7681 239.9314 169.1436 122.8285 144.4623 143.4389 262.6476 259.194 221.6051 201.0923 123.9603 171.7327 237.4243 261.6775 118.7398 110.1113 105.0617 154.0378 264.3462 331.6992 73.42446 153.6067 281.2437 294.2529 331.2602 120.1276 130.0893 279.2588 310.3169 275.7106 277.3531 25.40619 29.55968 59.36144 80.0343 235.1559 47.44379 49.54898 45.08837 90 90 90 90 90 90 90 81.8699 291.7094 328.6866 5.16417
41.79798 49.14669 275.1944 266.4497 109.1671 109.3964 118.4003 159.444 201.2566 176.4112 152.2497 139.5841 137.2169 150.1326 246.2202 216.1354 177.0391 169.7213 155.8106 183.3083 220.9071 193.3201 201.9087 213.2669 162.5862 124.4315 267.7489 242.7665 132.1612 110.1814 99.60342 157.7865 240.1754 234.4365 98.33349 323.6235 308.2289 314.1002 3.053289 59.97297 71.98445 285.1501 316.6648 341.5624 259.8578 268.5559 32.0386 62.58763 51.4685 344.7284 356.7569 43.05493 43.58388 45.08207 90 90 90 90 90 81.87689 317.3846 278.128 295.236 34.41837
52.93555 70.11991 206.0458 219.0654 143.9831 117.2137 116.7648 152.0678 178.7085 174.4725 153.5793 143.8683 137.9971 204.5901 241.3157 173.6585 167.076 181.8779 162.8464 193.0884 204.2132 183.6037 240.9454 262.3493 163.1788 98.26807 260.4339 188.1004 137.7927 129.0904 102.2015 96.48024 264.4341 209.8471 132.8789 302.2014 282.3087 292.015 43.99015 93.28898 95.32305 284.2669 300.7653 19.38979 54.92625 242.315 169.1124 89.21324 28.37379 349.2769 28.55441 64.30643 67.6006 65.56596 45.25641 90 90 90 81.86291 45 313.6109 273.7817 260.9801 64.85522
197.3137 116.4023 138.743 202.1387 143.9289 108.815 90.59068 99.49538 138.9048 159.3123 155.556 155.505 154.7598 275.0257 254.5306 156.0375 139.2738 174.4007 202.2242 210.9469 228.7963 209.7478 254.4208 259.9118 279.9083 1.343289 268.5011 146.4397 129.8009 132.0975 108.6601 230.1944 224.9751 165.3432 216.0851 291.2755 307.6004 304.6364 51.90867 77.06545 0.9243098 287.3918 273.8141 95.01311 63.78862 277.7905 178.5312 109.9999 171.3766 252.5088 80.78107 90.4199 120.7387 116.5774 334.6916 0.06752864 45.0675 315.1648 325.8587 351.399 339.1816 308.7504 294.7218 348.8785
203.2815 133.1118 137.4986 224.1815 118.6747 123.3106 100.3287 90.30946 107.7852 130.272 146.6336 195.5241 289.5367 303.9298 143.1702 174.2922 120.9511 158.5616 215.8289 205.0106 246.2183 267.8569 267.1162 267.8094 287.0764 110.0773 176.3199 149.9856 143.22 42.99691 44.46906 43.8767 149.3747 184.4055 273.205 261.7502 261.8647 257.0574 90.02866 68.64987 358.7044 283.032 235.8142 213.1959 65.69545 332.1923 358.0019 72.79601 133.6572 202.333 159.9502 99.03968 56.81154 34.11802 312.7265 24.26409 33.2698 342.7934 301.872 290.8789 311.0032 314.5659 314.5304 55.98065
194.5889 153.4679 175.0749 200.1732 128.0396 148.8547 151.0259 135.678 128.8959 130.0235 154.5449 245.3764 283.8407 341.5651 90.61092 186.0802 150.7053 137.0621 197.5537 225 267.9349 311.5134 307.8102 291.5014 267.8789 126.3988 136.3458 96.18382 115.8664 290.4959 24.32379 62.97378 85.59004 259.2068 261.8768 231.3402 253.6105 250.8045 139.2142 126.0644 193.5375 241.2825 216.4462 262.1372 337.2032 333.9111 17.92792 89.57772 91.02034 289.1198 342.3468 44.42648 50.62188 23.15321 308.9602 101.5639 350.2893 23.38959 294.9906 312.9534 329.1865 314.7297 336.5226 108.3653
132.5585 155.1728 199.3175 189.2875 124.3535 135.338 150.237 145.4516 132.3646 130.7819 170.0401 238.6845 248.3852 200.556 98.43159 71.33536 147.2068 117.5308 286.1524 272.7718 284.1628 304.242 320.4403 223.273 177.0746 172.5824 339.2111 57.95401 108.4072 239.3341 175.5029 94.4749 79.99523 188.6249 210.1796 243.4375 281.107 305.7539 99.66137 131.9326 217.0228 265.5463 303.6515 263.2871 262.3578 297.4744 116.3898 96.07246 60.89235 319.581 309.2871 91.73213 114.8013 346.5157 68.0513 134.9382 181.931 188.87 301.6301 321.2878 343.2352 317.9108 127.683 117.1297
76.08181 83.25406 263.8294 307.8955 91.43929 108.7832 134.2564 149.7369 143.5755 122.3534 301.2015 301.1039 274.6001 193.4652 148.0365 100.4747 116.7371 127.2714 279.4002 274.0754 278.7462 292.8608 51.76617 134.2334 185.5326 240.8689 232.5252 112.1126 97.87592 287.9106 142.4959 112.567 103.6585 117.1769 273.453 290.084 272.8421 198.1038 106.3994 90.49226 247.2495 263.0873 304.5753 318.1331 231.6624 171.0029 148.8949 120.0993 68.48581 107.1805 199.9254 109.9256 99.23524 242.1286 97.38012 113.9252 170.2765 295.2468 297.5448 292.7064 172.4053 134.5265 129.4502 67.01701
102.3623 86.37896 262.298 249.2198 92.56871 99.51215 127.352 146.115 261.756 12.05738 338.3008 288.1044 327.8043 32.27565 71.10475 128.6552 243.0938 4.632865 299.1303 254.1115 267.7998 255.5441 125.4573 123.176 298.1575 279.2079 297.5891 77.27305 36.86417 252.8854 115.1596 106.4373 108.4311 45.05732 302.3002 303.3517 325.4375 122.3716 131.2642 77.86064 333.6567 276.2349 257.9531 243.435 133.172 152.7583 177.4448 250.56 87.64638 56.04357 359.1178 70.09625 31.79691 339.9074 33.85176 49.81517 339.3701 303.7754 295.6677 244.8552 178.3397 69.19758 21.87915 359.6726
121.5742 99.01321 229.5861 206.2791 101.6015 86.01683 77.85783 144.6934 282.3143 356.9504 359.8108 270.0401 209.5778 145.1247 116.6225 93.16485 255.47 294.8499 25.50694 308.4348 286.9806 238.0693 131.342 188.5336 217.6614 226.6422 246.8005 63.73839 63.4405 200.5089 149.3503 96.16004 64.09349 325.0135 320.3837 298.2497 350.112 67.16455 95.13957 235.0858 275.4398 226.5539 223.414 195.7388 142.1992 80.17443 293.8985 295.5564 53.70968 1.710324 47.32958 63.69898 337.7796 336.7001 7.749386 33.09989 333.9041 287.7069 267.9438 295.1339 328.4731 17.27762 41.90594 320.0424
131.9516 101.5674 187.2243 178.9529 136.7256 115.0816 98.7372 216.7152 242.0676 195.477 246.0375 270.8551 164.7625 161.5574 201.5105 94.17003 224.8567 244.6292 314.8087 305.6726 312.321 22.55725 69.53182 139.5967 200.3344 210.0036 231.6857 190.5497 77.96264 20.08388 2.034801 93.33092 268.5019 276.1856 269.6303 265.5587 281.0235 62.75215 58.19906 346.6004 190.3108 198.4386 203.7064 202.3417 216.868 120.2227 219.1226 206.3419 159.4472 193.7866 57.99462 350.4448 335.671 332.042 29.87599 73.54698 316.3322 257.861 265.9998 299.7462 331.1497 40.18941 60.68411 312.7432
146.4066 116.7541 137.3859 148.848 144.4635 139.1536 135.1403 149.9336 272.7626 305.1478 321.7098 322.5946 96.8482 106.9275 216.437 177.5364 0 269.9832 287.9873 290.2484 297.8637 35.78897 48.42077 40.14617 16.66646 254.6898 239.8308 225.507 120.9705 127.6579 168.4195 103.3841 206.0091 208.9889 220.0834 245.3231 246.3458 90.02756 78.2471 76.40309 39.27805 297.5267 14.56168 310.2877 221.6245 142.6382 208.869 200.4937 201.015 289.179 334.3177 334.6284 319.548 160.3917 143.5132 125.0899 302.7995 308.611 308.2769 291.2057 317.3305 51.69538 44.50608 315.7345
