Data/dj/flowtable/dj.aspect
ncols         602
nrows         680
xllcorner     419115.19009
yllcorner     2472406.72893
cellsize      500
NODATA_value  -9999
[rows 261 to 289 of 680, columns 512 to 575 of 602]
298.7178 268.006 228.6926 239.8286 224.3704 219.5164 244.6084 252.8973 165.4998 166.4948 188.8925 92.39835 150.2727 214.4123 109.7595 70.84263 296.7614 298.334 5.929081 301.3287 293.3484 282.6698 287.118 352.713 311.4237 298.6125 312.337 300.0699 264.4062 161.2253 115.6699 103.5983 90.6662 44.42128 28.58277 347.171 3.008713 355.951 3.180051 43.35783 93.71983 2.083812 16.15957 313.1905 273.3709 318.2052 35.75336 35.48074 46.35463 94.89909 123.8708 235.3048 190.6922 159.1455 150.3466 147.0326 232.3421 276.528 131.5643 152.7877 237.0344 154.7223 91.56935 83.11165
236.7683 214.4214 219.2894 237.163 219.8978 229.7636 234.0903 199.0886 168.8699 242.704 306.511 130.7411 159.8094 201.6611 179.5507 114.4662 272.3719 247.7763 159.8592 197.9096 226.1576 250.9392 245.9336 237.9364 286.8769 247.8661 210.3643 216.3998 256.6075 6.354179 67.51439 69.06406 13.20923 12.06743 60.62643 327.3941 321.6156 338.9644 33.9407 76.35538 31.32513 321.5893 46.15781 88.41266 247.7991 241.9424 115.0169 98.36588 99.79527 112.2168 158.5993 249.7751 143.3257 94.3987 32.45471 30.23654 303.7244 204.7968 125.8658 226.0917 195.4077 159.8424 124.6952 56.70354
210.9638 207.7641 222.4867 232.1074 223.6361 234.7524 231.2156 190.8128 229.0856 272.3113 128.6598 112.3261 192.2069 267.5966 130.0755 263.0641 330.1252 233.2672 210.985 265.828 231.5627 223.4518 212.3276 211.0683 228.1916 208.6861 266.7845 261.0614 243.5332 222.161 85.87256 48.90476 339.1283 50.05169 81.9658 293.9625 282.6863 301.225 56.98397 54.33562 0.2130261 14.80953 86.58247 67.00544 247.3272 217.5652 163.1252 163.2664 143.101 122.2767 222.5986 263.2229 8.841815 26.56505 28.17582 59.03437 39.71519 114.2261 84.72566 252.3325 153.1472 187.2283 250.0267 63.06414
193.411 230.8605 251.5841 199.9998 210.2527 231.3402 237.4396 270.8464 293.3501 256.2985 152.6856 126.4324 217.1927 230.3026 171.9728 291.3507 18.32034 128.1927 242.1115 256.1982 103.1671 194.0362 209.0021 220.9314 234.5904 254.7449 308.3547 157.1664 214.1302 232.6507 127.4606 82.7468 285.9476 75.86952 58.22639 340.9572 304.2791 291.965 92.45207 93.96461 101.6239 97.23692 86.46021 63.4289 64.99898 201.7861 175.3868 97.54942 101.6787 91.44453 219.9495 244.0278 271.5561 77.38068 120.4527 159.9316 136.9884 141.9434 341.5228 29.07328 82.33173 197.7902 260.3319 62.10273
185.722 266.9181 281.3044 97.12502 201.7866 225.0337 216.2649 237.8499 259.3803 158.9625 105.9474 129.5256 313.542 332.8952 293.1986 284.7887 44.97202 69.64246 237.3912 211.937 176.0614 187.5238 201.7767 254.5007 261.4134 255.1578 216.0311 139.3206 279.1781 295.6308 359.5877 27.52044 318.857 21.53711 24.06664 357.3007 347.7117 169.3151 128.6617 133.914 158.957 154.7468 122.7414 305.0738 40.11966 92.95667 216.7972 157.6199 74.61005 81.60112 340.7978 301.553 268.2095 76.75948 42.39252 31.49135 104.445 169.3787 216.3268 152.9099 95.04392 90.12735 264.6853 99.78241
314.6155 250.9915 210.327 191.3026 324.3694 251.6222 243.915 243.0529 241.8493 199.4115 105.7689 275.5871 292.8611 19.29866 94.35825 266.4296 7.299452 60.56859 18.30087 206.7176 261.1535 299.3139 56.0702 234.6941 242.6338 237.3654 197.3829 206.9853 259.9068 235.5994 255.8089 345.9101 340.2256 355.5116 41.34321 65.28256 130.054 148.0391 150.7863 133.9191 162.7971 181.7899 126.7618 268.4287 80.31652 95.93742 205.3773 190.1209 155.2866 135.6483 259.9637 249.2254 167.9686 229.6771 42.27887 62.96252 68.78877 59.50017 214.5789 173.8481 151.544 174.1395 242.1127 177.0966
173.6876 216.1859 203.7495 228.9005 219.5622 174.9273 258.112 251.5459 244.9831 216.7872 116.5698 226.4688 225.4052 175.9922 150.149 236.3751 221.6276 73.97971 358.4636 22.63331 311.2265 310.5493 58.69244 295.0169 256.4633 240.4136 230.659 232.5273 223.2841 216.0007 244.694 244.2447 210.2173 220.1696 100.5064 107.4339 126.4939 144.5061 163.0725 140.301 174.0719 192.5262 150.1139 239.1228 133.2646 79.00078 48.71319 148.8152 211.8482 40.17724 225.1274 186.6999 161.8491 228.2321 187.0201 133.636 110.3929 84.7943 101.7347 133.1232 153.1914 184.3176 207.4276 191.1689
165.2713 215.4912 275.5275 274.7636 217.875 199.7989 238.134 222.337 223.172 208.3008 180.5031 201.1862 248.566 188.1301 157.4963 246.5633 210.6465 207.0875 287.9691 75.17352 204.3206 217.0125 137.6429 330.6018 323.2599 265.8554 231.3792 177.0134 209.9927 240.7719 237.255 217.5951 212.8632 187.6147 132.3648 107.0029 99.39734 116.9717 153.7474 114.7818 117.0309 190.8285 156.3076 218.1865 192.5131 112.9915 92.92924 94.32841 282.632 0.04411703 86.98975 184.9154 159.1406 249.8994 184.6984 120.3796 125.4258 126.7306 152.1064 133.3153 68.44132 18.52708 287.5162 280.5492
130.2324 244.4806 252.5826 237.1185 186.8482 204.7919 230.5293 199.359 226.1017 250.0169 274.2364 294.2744 284.7436 128.7966 242.0205 277.9072 142.4346 204.6942 203.7008 153.7737 175.2794 204.4072 232.1717 270 312.8945 17.28011 163.7215 175.9925 228.9009 243.435 212.9777 233.2879 231.2773 157.6403 149.7887 121.0934 110.608 113.8535 115.2011 356.6246 32.17539 65.99174 122.8791 200.5269 196.4336 158.2442 107.4034 41.18679 287.6293 150.7473 110.7699 314.8467 336.7975 261.7897 204.3288 39.11706 55.5336 77.65808 336.4959 344.6728 18.01509 28.39949 82.4967 179.0864
101.2658 267.2737 216.0274 210.9638 207.2553 217.4053 220.2107 191.3288 246.8187 278.6649 313.3634 335.8545 174.6442 145.4915 274.8991 229.0856 107.8711 202.6317 221.4591 161.5295 299.3578 303.4064 252.0239 232.8591 233.9604 143.5861 121.181 257.1639 279.8898 225.3177 234.3143 256.9081 209.4759 149.9083 124.4792 91.43616 83.6056 37.78664 1.847312 338.7531 44.3112 42.35766 48.49672 33.32066 316.9716 37.84418 105.4984 196.0864 194.032 138.797 135 279.3537 223.8656 151.4685 298.3265 336.3918 61.01118 59.95877 310.6289 297.2487 28.65183 35.10174 40.51539 46.23198
28.30076 225 198.3777 239.8863 261.8378 278.9138 281.2216 265.608 266.0548 250.6386 212.5417 167.4712 151.0399 222.9174 252.0939 148.8629 112.898 341.5268 311.5385 341.312 351.6665 270.7516 289.2676 269.6193 226.1317 173.218 121.5833 262.7063 200.8175 177.1473 231.19 222.0134 198.6767 225 0 68.65691 38.94384 19.43842 34.33965 121.6075 110.3764 71.53535 47.0281 353.8045 8.636996 42.91444 79.75323 159.2454 169.9487 134.8366 340.8396 335.9091 128.6423 178.8964 223.8757 190.2568 129.805 90.84655 216.9043 211.6124 194.417 118.1416 64.58399 62.85032
95.74181 146.3099 225 239.0925 239.5396 210.9638 194.5345 225 241.3695 224.1614 203.0782 180.0054 188.7528 291.9001 215.9839 143.8183 271.0212 325.95 249.6439 222.4735 154.4806 291.8014 291.6049 320.3331 177.6729 218.9411 285.9562 244.4001 191.9196 287.095 271.2912 238.134 237.8288 252.8241 170.4385 104.6836 18.14108 29.90353 47.11174 25.71328 36.12672 101.6848 302.3563 324.3668 46.22152 59.78862 48.02203 49.13951 344.7608 332.4218 353.414 54.73184 97.60796 148.9946 214.3148 184.3092 161.2966 141.8841 116.5077 236.879 230.7319 228.9479 96.67989 103.3925
169.5328 269.7135 341.3354 213.6901 227.8352 216.4692 225 238.2405 225 193.7816 215.8698 214.5798 258.147 267.4204 97.87807 76.75038 266.7445 161.5722 189.8658 195.6352 200.4394 206.2319 221.0633 244.4114 17.61821 318.3098 323.3734 29.15127 359.9815 291.4189 323.0309 334.9831 307.0492 257.4712 151.3338 138.5763 250.3837 56.48199 40.26906 6.590609 20.87902 28.32114 333.6623 263.2272 111.4381 102.6842 15.24336 35.19298 14.95939 310.9628 356.681 60.9454 78.14285 72.0993 228.2948 204.8781 172.7287 103.2542 66.54484 319.4795 270.0957 275.7456 88.66778 82.4938
214.3687 208.528 187.1559 174.8619 225 252.9112 257.4712 251.565 230.7106 171.8699 249.9216 236.0189 229.5287 219.1082 183.4763 71.68004 219.2875 176.9872 122.5452 151.1843 199.3206 201.9296 242.6818 264.9189 307.7508 314.9938 232.5229 137.3611 162.9035 264.2396 279.1725 318.2245 336.5519 354.2072 97.2077 113.6294 219.31 205.64 340.2673 359.1854 30.70644 45.99347 8.714733 15.06849 76.80478 86.67461 269.2585 73.71098 75.24704 165.9357 177.7094 138.8141 99.11508 40.32289 54.52639 233.4414 194.3063 147.3975 239.0565 333.5501 265.9524 177.2845 139.0856 99.7303
300.4219 192.8167 207.8973 201.9001 239.0362 242.5068 206.565 196.5571 190.8403 218.1572 236.9114 210.5297 235.3985 242.6501 242.1027 270 8.530766 340.0629 124.0459 132.7094 197.3652 268.6545 281.7832 274.5284 212.0822 185.9577 162.2975 179.1832 284.7692 306.2964 314.6659 335.3349 14.2949 97.87328 83.33162 47.29061 69.53214 250.9536 270.9597 102.2648 120.6763 124.9248 93.33088 107.3189 101.7391 94.55656 257.3571 114.0098 96.58102 70.19544 125.1939 156.6315 166.3369 173.4412 103.6503 134.6193 179.7117 41.56656 270.024 189.2917 269.9809 54.85139 7.177246 342.2062
260.08 119.8018 206.5507 205.3591 229.042 224.9559 182.2906 181.7357 193.2405 226.5074 209.06 197.2303 235.1929 231.3402 240.5241 249.44 157.6317 148.0534 154.204 161.222 211.4641 253.3457 263.496 250.1652 161.573 165.6593 151.4317 300.1387 279.3447 273.3665 288.2377 12.6919 71.30696 14.06323 10.96442 10.36756 49.00637 287.8151 232.2655 150.7086 135.4287 52.12502 115.8977 137.381 144.8749 113.699 269.9044 94.51197 66.52238 39.96052 67.79059 49.83214 355.9832 351.3399 59.70196 51.37743 0.1906354 306.9388 334.1098 337.5697 334.4738 10.08817 338.1986 331.3429
46.69466 100.008 171.7095 205.0169 233.9726 192.5659 166.5952 194.0109 236.3099 244.29 205.821 212.0054 230.0424 229.316 228.5215 244.7989 147.5288 106.336 137.663 291.3706 312.2409 310.1009 280.561 208.5514 188.1416 27.02176 318.9568 314.5225 240.9503 231.2185 230.8002 199.7138 91.18929 315.0038 346.3853 26.81096 65.08769 91.17967 235.0296 98.85869 67.17377 294.2039 93.50629 90.25243 0.03579019 7.747502 63.42268 112.3849 152.5357 336.8172 31.41401 18.12458 15.90455 21.96235 51.57825 12.9194 348.88 11.09439 318.8805 273.9246 258.1625 158.9625 256.7873 181.0051
56.68369 27.93755 23.23153 53.04985 228.8547 205.0629 161.565 191.1997 235.6197 237.0948 206.565 225 219.0939 231.953 227.2026 229.4474 188.506 112.2211 324.002 315.4855 329.6645 289.0412 187.9072 172.1612 231.1447 251.1049 256.6953 278.1291 352.2782 260.1212 246.2726 241.6771 57.50518 289.6396 301.7909 73.96766 73.67962 51.16251 317.5645 63.69236 77.90524 162.5528 113.8866 110.5771 273.6668 341.588 60.18029 61.76255 51.03566 241.8584 308.4181 22.78817 61.22736 86.56637 113.461 178.9779 198.4163 152.4676 174.1983 198.0888 186.5627 191.7006 234.2356 155.6589
179.9181 270 90 98.98193 225 264.2582 71.90958 125.5531 246.8014 220.6013 220.2364 241.6992 225 219.9576 210.3791 206.3233 190.9764 158.1986 268.2638 258.5305 196.241 185.3528 179.5835 163.8798 253.4742 198.2408 197.1041 243.7908 283.7455 331.2161 304.641 303.4778 344.3676 347.5633 165.7685 148.2059 138.145 116.5823 334.6305 103.3964 341.1139 61.97971 101.3803 151.3558 191.9761 218.8845 115.2113 83.67377 86.27521 163.355 225 167.7995 105.3061 70.01689 78.68887 125.7164 176.5223 168.2228 179.0347 189.5491 204.5998 234.8193 234.8193 171.2538
253.9303 161.5269 132.8781 163.0884 209.0546 251.5794 150.8697 129.8056 245.556 245.556 225 206.5994 191.3452 182.8503 194.6507 201.5014 222.0651 248.4057 279.9359 281.3099 288.4186 334.1013 0.4265693 18.45952 231.0542 217.1847 287.1027 281.8893 295.6022 320.0468 323.7085 318.8239 340.7693 83.65981 124.0518 153.9341 170.0201 196.1373 187.8763 163.7798 257.8763 86.93352 83.91802 96.68767 212.4658 209.2914 153.9246 181.8476 100.4456 132.93 193.8261 186.6827 167.5668 171.2853 105.1954 92.09141 121.7659 176.4237 172.9789 183.0128 223.7175 218.97 198.2679 183.4926
225 145.008 118.7554 232.125 236.3099 229.0856 166.5559 149.0362 233.1301 217.875 186.3402 185.2461 188.7892 169.9267 224.918 233.1301 216.6743 244.9037 283.0919 324.9128 335.8035 336.3383 51.06798 98.30883 288.7681 317.5563 329.9736 323.3259 306.4237 305.4216 270.8224 213.3284 177.3007 132.1376 124.6689 138.5903 158.8274 198.343 192.6526 189.3514 202.9769 159.5377 108.7578 103.5676 195.2216 159.3147 167.6405 187.346 144.5516 126.5227 167.1238 202.2572 179.7623 180.8243 168.25 125.7274 131.3129 200.4328 171.8539 146.5159 210.3617 217.3034 223.768 168.0239
185.6907 146.8658 125.5299 264.7491 156.9702 180.1261 173.8395 211.9374 279.4623 213.6901 191.3099 166.0059 196.3932 219.707 232.0545 258.6901 249.0156 265.2027 269.2453 286.9553 298.9677 172.5686 117.0835 14.34468 316.0583 306.3471 302.4398 280.0691 263.8264 209.4275 168.7319 184.4365 178.1137 152.4592 128.7227 127.0051 133.5797 187.8002 189.1179 202.6491 230.0039 191.7251 90.956 51.58927 37.78098 85.17026 108.9832 163.4956 157.1412 124.8909 133.2643 214.1858 166.8166 183.3278 183.8673 107.7649 71.03913 141.5819 254.7416 57.08707 115.56 240.5304 235.7502 144.8865
258.6458 79.95354 123.5576 179.8925 148.5175 160.0053 171.2352 251.5546 232.125 158.6294 186.3402 171.2538 194.0362 216.0274 217.4053 251.565 275.1851 244.0935 265.9715 276.4641 175.7321 147.5313 129.53 302.0755 307.6389 286.0736 193.8972 208.4312 216.3609 172.9477 161.9846 190.5364 190.4015 163.7866 134.6155 111.5601 133.7723 182.4198 202.7924 265.3645 260.6108 210.3791 123.6901 37.18319 65.74541 85.12449 43.00212 27.49284 55.0806 97.9472 90.01974 285.9184 129.6747 232.4716 258.6838 119.6237 112.7781 106.0736 275.3234 47.60315 51.42167 179.1533 215.2546 192.2809
270.041 77.51845 86.262 120.9133 121.7434 63.86202 101.9231 238.9275 194.8659 166.4296 193.3925 204.444 236.4201 245.0459 256.6272 263.6598 208.3165 227.1797 252.1853 219.6546 190.561 33.59635 96.31924 249.0925 233.4641 181.782 193.3602 256.3452 189.692 159.525 169.1439 206.3199 195.7693 184.101 231.9343 61.38954 80.50245 209.9816 255.3085 270.3604 261.3475 165.0184 169.771 195.8192 132.0263 82.67809 45 101.5346 100.6812 104.0362 148.5704 147.6835 56.29158 305.9625 156.4177 157.1948 151.961 196.6992 243.9357 188.1301 111.3274 101.5097 242.0211 212.1758
206.5074 153.3056 84.71185 50.19443 75.96375 155.3861 98.94685 224.4196 212.0429 191.4424 263.7856 274.4459 281.266 281.3099 285.9562 254.7449 160.2011 214.8753 229.1182 205.1626 223.4089 203.5884 79.44956 269.9906 182.6352 176.4333 222.9465 256.917 73.17613 93.55927 160.7883 196.6537 190.4627 214.3977 250.5709 78.02386 79.95917 107.2775 222.6569 222.694 204.1779 156.112 162.1657 196.5223 201.3706 136.7899 61.55707 106.9275 96.06179 31.373 7.594644 44.99538 153.435 162.0873 122.2201 139.8638 59.62087 222.1376 223.2928 199.6223 153.4564 69.65688 129.9657 173.0371
112.9803 179.711 239.2413 45.07146 60.99408 30.52097 59.14024 1.181219 288.3962 303.6021 300.9637 285.2816 251.4509 241.6835 214.237 179.9841 157.808 212.1957 227.7263 219.8056 222.4792 210.6195 246.6083 315 95.58724 156.2864 223.8115 223.9013 207.5758 65.89034 72.47678 184.8585 239.0969 241.304 228.8489 196.5445 78.68827 63.77803 159.492 196.1992 185.5421 168.6901 160.5359 182.8466 206.1644 199.4703 173.3408 113.9162 53.70222 9.637538 18.43495 78.23352 113.2059 163.1739 137.0283 217.5132 124.0459 111.0375 198.856 192.6526 199.7672 173.5007 120.5566 136.1789
66.10282 45.85934 264.7677 123.3144 108.1227 152.7871 44.42716 19.70287 278.0376 225.2857 225.0637 218.5828 180 180.0521 178.3961 195.2228 177.4607 196.9275 223.2101 215.789 217.1169 224.1048 228.4336 190.8855 129.1524 139.392 227.7794 223.9993 226.757 163.3274 103.0825 310.4626 4.582564 1.988549 237.9918 220.605 192.5078 83.19913 87.42022 206.5077 173.4892 194.8051 170.9353 142.8533 188.6051 201.2225 196.1719 186.9248 155.3908 147.0899 158.5948 142.8041 111.3093 72.13834 101.3173 166.7901 178.6541 91.4108 109.988 174.9204 203.8059 182.3745 138.9505 68.34064
41.82664 8.135842 3.58051 100.1083 117.6849 225 269.7002 101.4854 202.9803 164.1846 196.715 243.4005 18.43495 101.354 161.7363 231.2075 179.9642 183.535 211.4422 233.9578 239.6209 229.0142 222.4739 191.7456 152.7169 188.1339 287.2105 274.2142 232.275 178.7158 169.1731 226.8113 199.7531 19.25557 330.0625 353.2094 177.9571 128.5376 61.29175 69.88403 145.9821 188.314 194.3131 158.301 139.6224 195.6771 245.0816 242.6582 139.6859 118.0041 73.30076 61.21229 75.21414 54.70896 41.64342 47.60315 326.409 120.0334 110.9192 5.494432 356.8877 163.739 204.2323 312.1317
47.94438 16.39441 36.31514 59.67473 55.08939 333.3477 307.0093 15.91284 26.6797 53.15308 46.16894 246.9769 191.7524 114.3006 239.0362 184.1401 149.6276 174.9079 204.1213 235.9541 219.4725 221.1859 223.9191 210.2564 231.3646 294.4296 255.1356 225.0092 196.4451 152.679 181.9923 207.5346 202.9179 204.1761 209.1351 159.0361 145.8635 203.5964 135.0099 97.89565 85.67657 124.2691 215.6306 192.4216 105.2805 294.5841 270.2741 213.4524 129.3588 154.269 92.26682 93.24092 117.2796 179.9362 32.92199 60.93187 38.65981 48.49905 52.85556 4.22708 112.52 119.7185 264.7952 244.3159
