Data/dj/flowtable/dj.dem_origin
ncols         602
nrows         680
xllcorner     419115.19009297
yllcorner     2472406.7289283
cellsize      500
NODATA_value  -9999
[rows 344 to 386 of 680, columns 96 to 191 of 602]
178 275 329 504 599 579 509 460 436 418 411 430 435 403 495 558 506 499 517 482 463 453 391 422 368 322 365 342 362 313 296 253 235 211 242 245 331 342 382 366 352 366 502 561 567 544 496 393 292 271 283 236 257 254 275 270 246 268 347 417 359 324 296 344 413 405 399 354 397 361 335 325 412 386 524 508 360 329 248 234 172 244 221 183 192 242 270 300 270 423 451 433 388 349 309 337
203 372 419 377 481 518 423 390 387 383 386 412 384 441 446 527 483 451 457 542 533 451 440 402 391 321 306 275 326 404 365 277 272 281 230 281 333 334 319 337 351 392 476 538 530 491 440 346 288 253 243 249 260 252 241 262 267 285 290 310 282 280 283 283 369 380 373 323 407 355 288 279 374 431 530 487 392 333 197 207 238 248 247 222 178 207 242 269 307 527 515 457 370 408 309 339
286 346 556 497 485 436 396 335 365 343 364 313 416 419 414 497 485 444 386 420 504 365 372 423 359 308 321 304 280 297 262 261 264 224 236 303 302 277 329 395 523 497 439 378 429 421 399 358 277 256 280 286 222 259 241 230 248 258 274 278 286 263 287 324 275 357 369 364 344 424 360 366 299 358 414 457 323 233 194 181 205 287 209 210 198 192 229 262 334 550 496 396 346 301 284 300
444 399 384 366 430 459 408 381 363 290 253 354 398 384 450 426 421 389 323 397 382 320 405 431 388 448 405 319 243 261 347 277 227 233 272 258 224 277 378 417 526 548 503 359 324 311 324 409 344 253 235 262 229 233 245 263 247 246 267 283 292 249 299 294 330 358 366 326 344 434 304 270 291 321 265 240 247 221 194 177 222 209 203 164 222 199 312 340 371 485 497 497 345 303 305 271
388 382 299 337 515 480 412 410 387 277 201 350 374 410 393 378 319 336 276 332 333 329 448 446 441 428 341 259 310 407 402 348 219 210 246 253 214 280 402 468 462 456 455 419 443 349 263 317 321 305 246 244 222 264 240 236 255 297 287 255 272 313 358 330 304 363 368 350 296 316 335 291 309 284 298 334 314 339 240 227 176 199 203 164 233 194 257 262 344 541 492 428 358 292 218 252
240 279 289 414 496 481 494 428 386 328 242 298 389 377 358 331 309 327 334 276 381 420 509 518 398 328 308 399 315 287 246 247 240 225 217 238 329 385 501 577 512 415 351 440 322 309 230 269 272 236 240 236 242 217 242 291 260 289 288 242 259 284 328 321 346 337 358 358 258 276 250 291 271 326 372 372 335 285 199 177 177 160 162 178 225 198 209 268 318 447 506 486 497 328 227 339
188 208 305 441 476 467 452 436 362 372 228 279 319 370 340 375 338 315 301 254 271 377 448 506 408 465 448 416 382 348 263 189 186 229 272 308 321 390 488 529 452 367 287 317 309 259 249 242 234 251 213 209 241 237 273 305 262 249 239 268 266 296 288 370 306 282 314 423 280 255 256 288 347 411 368 396 334 316 206 235 221 163 167 175 188 204 234 297 314 412 475 610 517 329 266 254
211 280 320 475 431 395 422 391 404 324 219 200 233 380 383 350 358 305 347 315 252 264 361 558 507 467 482 435 328 289 229 298 192 239 209 282 358 402 444 446 436 364 310 276 270 236 272 228 205 210 221 232 224 249 244 276 261 246 264 261 264 309 290 313 268 271 308 326 264 266 309 403 493 465 430 377 295 213 239 258 215 237 195 154 197 260 357 403 320 447 465 710 610 458 291 181
348 295 375 484 414 389 346 356 351 273 185 184 279 418 379 385 372 353 380 300 261 313 481 518 419 432 431 374 301 276 281 208 197 195 246 282 317 333 433 361 323 298 257 250 243 259 252 239 223 201 266 232 234 230 263 257 237 225 268 268 307 276 286 278 271 306 285 320 372 359 374 523 590 493 457 343 244 270 343 357 294 266 311 257 210 165 206 214 189 280 403 518 461 317 227 156
427 320 381 448 429 416 361 313 237 228 209 211 252 341 397 346 317 362 283 213 262 350 536 423 396 468 374 322 283 367 277 186 225 254 243 248 288 326 371 296 221 248 217 247 246 262 235 267 206 233 248 242 248 225 232 217 218 253 276 244 274 268 289 293 295 268 327 342 430 430 429 537 621 550 479 389 259 420 447 421 325 316 428 360 235 179 219 183 151 290 482 320 302 311 284 234
455 482 417 479 447 377 327 260 270 217 244 171 260 318 385 356 318 265 180 327 318 453 448 387 414 330 294 246 262 329 284 181 189 216 275 285 293 291 267 243 228 234 210 237 245 234 244 219 196 229 247 241 222 206 213 206 217 253 243 244 246 299 271 271 288 321 387 388 445 538 462 614 661 541 592 436 341 378 518 472 330 359 490 548 376 258 289 350 138 232 242 348 202 332 237 201
530 458 450 394 372 380 359 227 206 194 218 165 263 395 325 303 201 238 260 410 463 390 364 369 370 278 259 250 248 188 221 202 208 228 248 312 268 261 240 246 238 231 214 264 241 221 228 216 192 200 196 200 200 205 215 220 222 217 216 222 252 240 258 282 276 343 296 303 346 444 434 545 742 710 479 376 429 503 552 434 335 302 324 328 257 155 139 138 138 184 285 317 229 176 161 174
409 428 365 352 330 419 262 274 212 224 164 218 325 300 284 189 327 424 463 495 393 382 327 408 397 358 241 282 233 220 178 226 212 223 283 278 243 333 261 226 227 243 236 228 234 208 204 191 193 215 206 208 210 218 232 234 235 285 268 275 233 235 249 254 263 278 291 309 356 391 557 733 750 598 415 424 443 547 658 459 366 195 204 215 157 165 188 170 212 229 218 191 144 172 144 144
401 358 349 369 337 365 406 378 229 181 197 195 262 239 161 233 400 489 435 400 361 360 347 392 441 316 264 209 190 178 178 193 237 275 274 386 208 259 328 197 350 375 286 271 213 190 189 199 212 223 226 253 231 263 325 248 277 330 352 291 229 236 247 254 289 310 330 331 345 440 603 686 831 591 414 588 623 733 529 502 355 212 173 164 250 223 363 296 190 155 144 144 144 144 144 184
373 333 319 354 324 384 427 330 314 255 204 169 187 209 333 352 392 293 301 326 348 335 324 320 303 270 274 230 233 199 200 211 280 338 244 332 200 202 304 189 286 365 264 353 221 190 285 248 249 319 303 358 347 272 371 268 419 461 324 290 279 241 271 279 313 380 476 396 470 477 677 861 865 723 568 675 752 725 474 446 279 211 189 173 339 322 400 251 169 147 182 221 238 220 168 158
347 400 349 359 329 340 547 461 362 296 216 157 184 335 423 377 333 218 232 242 300 275 265 292 279 299 262 351 286 254 222 200 258 241 187 198 283 289 215 296 221 256 187 357 212 187 231 346 406 466 526 494 359 269 364 339 449 524 355 290 257 267 258 296 369 483 639 568 634 617 645 829 958 768 710 828 775 587 392 401 230 207 191 185 259 342 470 291 238 215 194 342 348 284 209 144
391 506 524 455 358 290 395 435 265 215 210 277 194 263 353 339 265 191 177 248 236 232 236 226 288 320 335 377 392 371 287 185 194 248 292 276 247 445 490 392 226 298 368 259 188 243 358 448 428 420 523 420 403 342 321 455 512 434 305 308 376 296 263 347 481 631 635 666 707 652 669 733 735 827 891 885 799 743 560 526 449 260 193 202 231 376 509 394 253 196 280 409 465 349 222 220
356 445 489 472 349 293 418 359 282 270 272 249 188 214 214 252 247 202 177 201 211 184 216 256 282 232 297 282 303 272 211 231 311 236 402 437 392 373 652 410 379 464 339 244 211 421 389 317 277 293 362 303 269 287 439 536 403 377 330 352 314 255 319 430 445 396 455 506 652 571 578 624 641 697 840 912 948 763 686 678 510 277 213 214 323 456 351 247 196 188 226 213 264 386 449 387
343 424 484 448 366 268 222 249 293 296 210 181 209 165 174 244 224 218 177 177 188 185 192 207 192 177 224 196 229 268 282 275 380 345 345 420 480 541 564 571 514 579 489 338 203 224 223 229 238 251 242 233 302 291 351 501 368 329 361 298 273 278 271 292 353 437 591 725 784 571 536 524 566 557 667 746 908 835 711 532 394 282 222 353 342 271 282 281 282 291 279 290 284 339 309 241
367 461 487 387 359 247 193 195 381 299 270 227 165 202 165 209 225 184 199 177 182 184 213 186 177 205 177 235 193 210 199 204 291 373 378 371 324 331 341 344 349 363 337 234 198 198 204 214 227 230 222 279 300 388 336 330 271 400 411 338 338 370 387 294 418 439 625 661 671 593 501 523 627 767 697 747 745 771 694 486 352 272 377 271 310 438 463 462 459 366 265 243 258 298 257 217
476 372 413 353 251 164 253 328 397 366 252 241 223 171 165 171 195 194 186 177 208 198 177 177 177 194 216 230 183 302 431 396 438 441 447 501 420 424 268 231 220 229 208 206 202 210 217 212 209 215 226 242 257 305 312 390 380 307 308 282 294 305 350 340 401 556 600 586 576 556 571 464 546 538 440 480 572 597 602 522 366 377 209 169 213 244 221 237 302 286 324 363 361 426 407 213
391 326 268 217 223 152 229 389 396 309 374 207 165 181 280 199 181 174 177 177 177 177 177 177 180 219 186 232 299 420 638 567 546 734 739 618 702 586 293 226 209 210 206 205 206 225 232 223 251 313 390 313 478 463 392 444 277 282 282 294 443 389 438 477 570 518 609 550 518 492 460 527 449 343 342 351 341 364 405 398 399 386 256 184 152 197 194 278 304 364 420 532 527 515 371 230
311 283 194 170 125 214 245 315 381 414 445 307 207 135 259 248 195 187 177 195 177 177 188 187 177 241 328 568 519 612 681 744 786 904 953 881 754 549 305 323 281 416 397 245 232 239 280 341 376 495 481 544 461 564 446 374 358 282 328 475 609 648 606 514 584 452 631 527 504 396 540 458 477 352 384 325 317 348 282 238 253 252 196 239 141 147 195 307 393 370 483 312 351 467 398 398
158 214 155 150 184 116 140 188 278 370 414 363 162 178 239 309 265 332 365 248 177 177 189 191 226 388 487 728 763 722 809 852 945 994 1042 917 641 532 309 258 455 465 544 441 294 426 435 507 554 538 559 625 600 619 440 360 354 305 393 610 553 560 601 423 551 442 590 438 441 347 401 383 554 565 631 578 547 502 389 376 300 231 258 249 203 136 166 239 238 200 247 316 273 354 334 318
186 148 163 195 211 121 161 177 281 322 239 344 264 151 292 344 268 232 286 177 216 177 177 176 340 378 439 680 869 902 895 942 1066 1105 796 758 578 450 367 311 577 496 660 656 513 530 664 691 817 720 677 761 747 532 422 420 316 400 372 529 415 416 582 506 337 374 598 457 325 322 475 511 539 633 614 670 662 497 510 565 437 401 400 474 304 155 123 137 203 124 174 281 177 252 273 201
187 152 168 254 239 212 123 120 220 254 142 217 221 123 238 213 217 167 132 269 194 177 177 218 368 509 536 433 668 643 756 802 843 1035 956 730 551 393 404 357 596 548 706 675 648 737 737 882 832 873 833 908 806 540 479 378 353 510 442 518 431 389 461 456 223 394 468 383 338 417 498 564 576 542 579 553 665 670 649 655 499 533 552 389 360 214 172 117 174 133 191 347 268 180 164 167
204 204 168 215 178 166 174 138 147 122 86 80 120 186 174 121 115 170 153 179 230 223 188 177 177 196 243 309 348 416 576 590 643 917 890 682 504 541 408 351 606 666 850 765 791 892 787 850 815 815 818 831 935 635 524 413 467 626 606 607 482 256 251 324 168 374 400 297 317 421 428 495 450 418 442 471 546 717 794 743 635 730 566 427 367 375 206 240 145 133 187 199 154 173 178 170
173 168 247 224 192 220 174 75 85 75 70 121 216 245 348 302 166 201 276 406 473 515 354 234 219 218 223 230 257 342 398 495 544 938 745 687 567 585 386 416 522 562 771 793 836 826 956 846 879 879 845 826 924 881 600 529 564 659 640 575 484 363 283 199 205 359 365 363 230 319 314 305 422 375 457 581 655 582 604 588 591 580 525 598 349 390 271 170 102 160 144 170 136 100 109 112
215 198 233 195 210 256 148 139 150 110 70 219 138 247 141 142 355 438 511 683 673 638 517 458 422 366 305 379 313 276 321 370 423 647 683 563 522 559 449 366 534 657 631 695 847 853 987 936 995 866 907 908 846 599 537 563 478 573 630 590 506 464 331 153 161 231 214 238 205 196 310 213 330 380 493 534 543 483 443 443 469 398 351 498 384 190 136 115 108 112 158 99 91 103 91 81
175 211 219 229 177 185 92 78 87 80 97 114 202 91 116 186 388 556 726 850 824 630 570 523 693 476 373 495 440 331 352 430 405 458 445 420 393 341 338 419 526 645 784 848 722 854 922 939 913 769 780 637 746 574 417 469 512 427 587 555 437 358 316 179 139 130 130 155 132 194 177 184 342 428 473 378 372 429 401 256 345 321 224 282 165 174 178 182 163 130 86 86 83 92 94 111
120 158 258 194 224 99 69 63 65 96 67 77 96 252 309 432 561 657 776 978 911 796 665 591 758 607 464 482 374 352 412 538 493 464 468 419 373 366 373 426 705 785 880 995 813 846 858 922 787 584 602 543 631 444 483 385 406 302 482 484 277 264 204 146 133 126 126 126 123 129 169 193 286 298 405 313 232 315 392 332 181 218 156 129 121 190 197 145 150 99 87 83 97 135 116 104
106 123 157 102 69 68 74 114 56 62 66 112 293 424 453 457 521 596 652 800 922 969 754 680 780 735 519 586 544 575 674 577 616 476 445 416 356 364 484 483 666 886 1103 1038 1011 874 914 856 681 486 445 380 393 354 304 293 311 284 351 373 192 154 148 136 132 130 124 124 122 125 125 151 203 238 181 193 157 156 166 173 168 112 107 104 98 100 97 155 121 95 131 112 101 139 107 97
78 80 100 78 77 75 109 141 59 64 113 180 322 470 545 503 551 625 678 820 941 951 759 781 826 632 512 526 665 650 697 569 521 494 465 454 382 370 504 547 663 879 885 865 1037 1023 931 664 570 425 328 306 322 297 267 242 227 216 222 239 173 155 142 134 133 127 124 123 128 120 116 114 118 129 114 119 110 110 106 100 99 97 99 99 97 95 163 133 91 91 87 89 95 115 98 114
82 186 169 210 178 171 153 148 81 126 142 274 519 656 541 619 713 804 878 938 976 1006 907 822 786 608 518 614 685 651 680 586 501 466 460 404 369 361 422 465 467 635 598 752 809 745 860 582 399 289 264 246 268 237 215 220 199 232 192 173 153 146 145 139 130 167 211 208 265 214 125 153 154 119 116 112 116 127 128 142 110 106 100 98 123 114 99 92 96 89 92 94 99 104 112 98
208 273 339 233 251 279 155 74 139 87 132 258 429 554 595 738 912 895 1021 1066 1040 1011 1013 889 780 746 697 735 781 722 670 536 495 465 486 397 403 452 479 611 506 470 538 597 661 587 646 513 442 261 228 216 223 200 211 195 179 198 186 212 152 147 139 133 146 208 240 309 194 130 127 133 151 153 173 142 221 204 127 125 115 130 123 109 106 102 104 89 92 105 93 94 103 113 109 101
301 379 259 196 109 142 70 56 62 65 154 279 335 370 563 554 766 770 735 767 951 903 854 862 833 942 881 884 816 593 519 510 466 464 525 432 468 414 417 611 689 719 721 617 725 626 588 534 465 453 289 216 204 189 177 175 165 157 153 152 150 168 149 162 249 244 291 183 151 165 196 239 347 389 414 313 346 286 141 132 185 291 288 155 152 114 108 95 101 97 108 145 117 103 102 107
448 305 204 144 65 103 63 61 62 63 75 108 223 259 428 599 551 522 645 580 717 661 611 515 658 810 650 610 629 469 467 533 563 503 562 474 553 528 467 451 598 677 695 692 637 536 446 537 532 396 303 254 247 232 178 174 168 164 169 160 234 298 186 168 191 288 396 318 228 298 324 267 314 376 365 313 296 200 199 144 208 248 268 230 141 155 137 121 115 103 144 126 108 100 94 95
347 233 155 68 58 55 94 105 66 69 70 90 113 152 270 444 403 433 443 420 562 485 487 421 494 709 553 402 359 433 524 741 800 631 685 695 693 838 810 697 618 729 780 645 673 548 385 417 599 505 351 261 321 257 224 200 219 190 222 215 184 226 260 312 366 504 426 418 441 300 413 394 335 484 427 413 405 285 326 150 238 338 248 169 197 333 336 272 220 192 147 140 115 140 115 100
138 135 53 54 62 64 119 127 98 78 76 76 94 190 275 203 269 343 345 407 428 327 313 265 275 332 288 380 414 604 645 815 803 718 673 697 801 839 795 694 704 709 684 658 502 551 420 414 490 511 387 257 289 363 342 304 305 258 307 301 278 325 417 569 572 550 491 440 518 433 502 582 395 546 546 566 360 385 331 172 312 379 320 320 315 301 301 318 314 179 134 118 123 136 119 96
55 52 63 92 139 98 135 99 136 145 136 80 86 94 136 141 206 182 225 293 310 190 182 185 253 407 482 559 624 758 873 826 758 745 714 814 848 887 798 803 659 578 532 506 523 489 373 334 448 424 383 269 401 467 418 459 447 401 447 414 414 425 578 657 388 346 463 491 418 459 557 602 640 565 436 458 489 400 299 256 423 410 338 443 292 263 197 234 264 151 220 143 151 174 105 124
58 69 108 127 68 171 176 185 230 165 146 157 153 171 96 98 106 117 148 174 209 151 173 227 369 469 544 562 607 706 810 951 837 799 742 782 855 683 630 598 571 549 536 440 378 434 376 344 371 386 439 346 410 482 481 418 428 507 503 541 593 587 498 435 401 282 438 324 299 416 342 385 487 531 381 290 414 458 400 338 468 360 366 384 277 229 218 219 220 240 271 226 183 172 157 137
143 107 222 122 124 174 149 197 150 170 324 362 247 153 145 131 108 114 129 135 196 333 366 346 396 440 579 732 613 686 838 932 920 833 822 952 945 725 544 454 409 423 408 443 378 334 330 325 357 403 484 473 420 437 432 350 409 390 484 542 502 549 578 341 298 226 338 320 248 248 276 317 457 373 289 235 343 419 503 523 465 446 449 313 247 226 248 236 188 264 224 202 192 199 170 206
196 191 228 129 172 218 176 220 259 297 444 497 449 355 385 318 189 237 225 177 202 337 417 528 484 526 601 715 754 751 901 851 757 857 947 908 940 843 653 611 654 553 445 322 347 302 329 356 382 441 404 349 343 382 369 321 335 310 473 475 298 527 638 514 297 250 193 189 162 189 259 345 312 331 335 235 235 260 291 434 414 349 395 447 304 285 258 275 246 255 257 198 171 179 209 268
