Data/dj/flowtable/dj.dem_origin
ncols         602
nrows         680
xllcorner     419115.19009297
yllcorner     2472406.7289283
cellsize      500
NODATA_value  -9999
[rows 516 to 558 of 680, columns 0 to 95 of 602]
3 9 8 4 7 10 9 0 8 7 9 9 20 14 7 2 -2 2 -3 3 12 11 5 3 9 -2 3 -2 1 0 1 30 8 4 -1 1 0 0 0 0 0 11 43 7 -3 1 5 -3 -2 1 1 0 0 0 18 0 -1 5 10 1 8 13 6 3 5 7 7 30 19 0 0 0 0 2 -6 -3 -3 0 0 2 4 -1 0 3 3 -1 1 -5 3 -1 0 0 0 -6 4 -1
-2 29 0 4 12 20 4 -1 1 8 21 19 25 13 12 6 -3 3 7 7 1 3 2 -3 7 3 3 17 5 1 3 2 8 3 16 0 0 0 15 11 14 58 16 19 -4 0 0 0 0 0 0 -1 0 0 -1 7 15 -3 5 6 5 1 -3 4 3 3 -5 5 0 0 0 0 -1 0 1 0 -7 3 2 1 -3 -3 1 -1 -1 2 0 -1 5 3 1 -1 3 0 8 4
-2 5 -2 16 22 9 2 6 0 12 7 20 19 13 3 -1 1 1 4 5 0 0 0 5 -4 2 6 6 2 2 -1 0 0 -3 -2 0 -1 -5 12 7 -2 -1 -2 -1 0 0 0 0 0 0 0 0 0 0 0 -2 4 5 4 -4 0 -1 -5 -2 6 6 3 0 1 2 0 -1 -3 3 0 -2 -5 -3 5 -3 -1 0 -5 -3 2 0 0 0 -3 -2 -5 1 -3 -1 0 -3
-2 -1 -1 3 5 19 10 9 5 0 4 6 7 5 6 15 -2 1 10 0 6 3 1 4 -3 5 2 1 8 3 7 0 -2 0 0 4 -3 1 5 1 4 -2 -5 0 0 3 -2 -1 -5 -4 0 0 0 0 0 0 2 0 11 5 1 4 3 3 2 1 -3 0 -1 -6 -2 2 -3 1 -6 0 2 -2 -3 2 0 -1 0 0 1 -1 1 1 -2 1 -7 -1 0 6 0 3
-3 1 6 3 8 -2 4 6 2 13 0 4 7 4 5 4 5 4 2 4 5 2 17 0 -3 2 2 4 3 2 0 12 20 0 16 3 0 -1 -1 0 6 3 0 0 -3 6 21 3 0 -2 -3 2 0 0 0 0 0 0 -3 4 2 1 2 14 13 1 4 0 4 -2 -7 -3 -2 -2 -4 -4 1 6 3 3 -1 0 1 1 -4 7 -3 -3 -3 2 -4 3 2 4 2 -17
3 5 4 3 0 2 3 13 -2 2 -5 0 -3 0 4 2 2 3 2 5 11 8 -4 1 2 2 2 0 4 4 0 14 0 12 9 4 1 0 4 -3 -5 0 6 0 -1 23 18 5 0 -1 0 -1 0 8 -2 0 0 0 8 -1 2 13 7 3 2 3 0 -2 0 -7 3 -5 4 0 -5 0 0 5 -2 -3 0 0 -1 0 -1 -2 -4 5 -2 -4 -2 -4 7 5 1 -2
11 1 2 -2 -1 -4 -4 1 5 0 -2 0 0 0 0 0 3 8 -4 4 -2 3 2 2 3 -2 0 1 2 2 3 0 2 6 8 11 -2 9 4 5 -1 0 6 18 28 -1 -4 2 -1 -6 -4 1 -2 -2 0 1 -6 0 0 0 0 3 8 14 -1 0 0 3 -4 -3 -4 -2 1 -1 0 4 -2 2 -1 0 -4 1 -3 7 5 0 -4 1 -1 6 6 5 0 -2 -4 -8
1 3 -2 2 0 0 -1 4 0 0 3 4 0 0 3 6 0 0 0 0 0 0 0 0 -3 1 -1 3 1 1 6 -3 14 16 20 18 6 0 8 6 8 0 16 16 13 -1 17 13 3 -1 -3 0 -2 -3 -1 -2 0 7 0 0 0 5 8 2 0 0 0 1 0 2 6 -5 3 3 1 3 1 3 -3 8 -2 2 2 -2 -1 0 0 -4 2 4 1 3 -3 -3 -2 -5
5 -2 1 0 0 4 0 0 1 7 -2 1 -1 -2 5 -1 9 3 1 2 -3 0 0 2 0 0 5 -6 0 0 0 2 2 6 5 6 13 14 15 1 -4 0 8 4 11 1 51 9 6 -5 2 -1 -1 -6 -2 -3 -4 -2 -4 0 0 2 0 -4 0 -3 23 -2 -1 -8 -1 0 4 2 2 7 -2 1 -3 -2 -1 -2 -2 -3 1 -2 -1 2 2 2 3 -1 -1 -3 -6 -3
0 -2 0 1 7 0 6 5 2 1 0 3 1 1 5 0 16 15 2 1 2 0 -3 1 1 -2 -2 0 0 -3 0 -1 -3 8 9 12 11 9 8 5 0 4 8 12 6 10 14 4 9 -2 -1 0 -3 0 -1 -2 -1 -3 -1 0 0 15 8 0 3 -4 1 -17 -5 -1 3 -2 4 0 0 1 -2 0 -2 -3 -3 0 -2 -7 0 -2 -2 3 1 9 -7 0 -1 0 3 -1
5 8 9 1 2 1 0 0 -2 0 2 1 1 -6 -6 -5 11 0 -1 1 1 -5 7 -3 0 -1 -3 0 0 -3 -4 -3 -3 -1 -2 2 11 19 12 0 1 3 17 19 2 4 20 10 5 2 -2 -1 0 -3 -1 1 0 -4 1 -7 0 0 0 -1 0 -4 6 -1 -1 0 0 -2 -1 3 -4 -2 2 -2 0 -2 -1 -2 2 -1 0 -3 -2 1 -1 0 -2 -4 0 -1 -3 -2
-2 18 18 43 5 5 -1 0 0 0 -2 -19 0 2 6 -3 10 3 0 0 0 0 -3 4 7 -2 -1 1 -1 0 0 0 0 0 0 17 9 10 0 0 11 11 8 19 14 9 9 25 1 16 5 -4 0 2 -3 -2 -4 -4 -3 -3 0 0 0 -1 0 0 1 -2 -4 1 -4 -2 -2 0 0 -2 -4 -2 0 0 -3 0 2 -2 2 -1 2 1 13 0 -3 -6 -5 0 -4 1
2 10 4 -1 2 0 1 1 -1 -6 16 0 1 -2 7 6 1 -1 2 12 13 5 -2 -3 0 -7 0 0 0 0 2 3 -2 3 0 0 0 0 5 15 3 13 5 13 15 20 9 2 2 23 14 0 -4 -6 1 1 -4 -3 0 -1 0 0 0 0 -1 -2 2 3 -3 -3 0 -6 -1 -3 -4 0 -1 -2 0 1 0 3 -4 -1 1 1 -1 0 -7 -5 -6 0 -1 -3 -1 1
0 -2 3 2 1 0 2 -2 1 -2 2 -11 -1 2 2 -3 0 1 12 4 4 5 -2 7 -1 -1 2 0 34 10 -2 -5 0 21 0 -3 -1 14 14 18 1 20 11 18 24 21 18 28 4 15 13 3 0 -2 -1 1 -3 -2 0 -2 0 0 0 0 2 -3 -1 -2 -1 -4 0 0 -2 -3 -1 -3 1 0 -1 1 -1 -3 3 -1 0 -2 3 0 1 -2 0 -1 2 -3 1 2
3 -3 -3 0 -1 -1 -3 -3 4 -1 0 -2 -4 -3 3 0 -2 1 5 9 0 2 -4 2 3 4 4 3 1 2 4 2 26 21 -3 -1 7 12 18 10 22 20 32 34 20 27 27 32 11 11 6 0 2 -2 -2 -3 -1 -4 -4 2 -3 0 0 0 -5 9 2 -1 -5 -3 -1 -5 -1 -1 -4 -2 1 0 -1 -3 -1 -4 -1 0 -2 0 -1 -1 -4 -1 2 -4 3 2 1 1
2 0 -1 1 2 -5 -2 -3 2 0 0 -2 1 -4 -2 3 -2 -4 4 1 9 4 3 11 5 7 3 9 24 11 11 12 26 3 0 8 10 9 16 17 15 10 23 20 28 14 13 13 6 10 -4 2 -4 -5 -2 -2 2 3 -3 -2 6 0 0 0 0 0 0 -3 -3 -1 -3 -5 -1 -3 -1 -3 -2 0 -2 0 -3 0 1 0 0 -3 0 -2 3 5 2 -1 1 -1 2 -1
1 2 2 -5 -3 2 -9 1 1 -5 -1 -2 5 1 -1 6 8 2 2 12 13 2 2 0 6 3 -1 8 2 4 27 2 6 7 6 4 9 3 8 16 12 18 20 23 22 17 11 8 12 9 7 -4 -2 -6 -3 1 -3 9 3 4 -2 0 0 0 0 0 -3 -2 -4 -3 -4 0 -2 -7 -2 -3 0 -3 -20 0 -4 7 0 -2 -2 3 0 3 -2 1 -4 -4 1 -1 1 1
-2 -2 0 -2 -1 -1 -2 -3 -2 -1 15 13 31 18 21 37 32 25 15 13 20 30 9 -1 15 13 16 37 43 61 79 49 21 8 6 10 11 4 11 15 14 27 12 16 38 28 9 13 3 11 2 1 8 -2 -3 -2 -2 3 -1 1 -2 0 0 0 0 0 0 0 -4 -1 -3 0 -2 1 -6 -2 0 0 -2 -4 -4 -4 -2 -1 -2 0 -1 0 0 -2 0 5 1 3 4 4
1 -2 2 7 9 8 2 0 -1 1 7 3 15 34 36 26 51 37 31 28 29 43 26 3 4 24 16 22 85 105 30 50 43 14 7 8 15 9 3 17 20 17 19 16 20 8 -3 0 4 -1 -2 -5 -3 -2 -2 -3 -3 -3 3 -1 -1 -6 0 0 0 0 0 -3 0 -1 -5 2 -1 -2 -4 -7 0 7 -5 -1 -4 0 5 0 -3 0 -1 0 4 -2 -4 8 5 0 0 4
1 0 3 1 -2 -5 -1 -2 0 -2 -8 1 -3 -1 11 31 20 24 27 10 26 19 13 17 16 11 20 15 28 21 13 16 26 21 18 20 27 15 17 13 11 15 8 11 27 31 16 4 -4 0 0 -4 -8 -2 -3 -2 -1 2 6 -2 -1 -3 0 0 0 0 0 -2 -3 0 -1 -1 -3 -5 -4 0 -5 -2 -1 -1 6 3 0 2 -3 -6 0 1 -1 -2 0 2 3 3 -1 -2
2 -1 2 -2 0 2 -1 0 -2 -3 7 -2 1 1 4 0 6 20 19 13 17 23 6 10 26 29 12 11 14 25 19 11 29 26 44 15 24 21 17 20 15 22 10 15 7 15 10 6 1 -4 1 -1 -2 -3 -1 10 -3 6 64 56 -4 -4 0 0 0 0 0 0 -1 -3 -2 -2 -3 -4 0 0 0 -2 1 -1 -1 1 -2 -1 0 0 0 1 -4 -2 0 1 0 -1 4 2
0 1 0 2 -4 -2 2 2 3 -3 1 -3 -2 -5 -3 -1 -12 -2 0 6 4 15 19 27 18 18 32 16 9 16 9 30 12 15 15 13 14 16 15 10 18 13 13 3 15 17 10 6 -6 -5 -1 4 2 20 13 1 41 13 70 56 -6 0 0 0 0 0 0 0 -2 -3 -2 -4 -2 -5 0 -2 -3 -2 -2 -2 2 -1 -1 5 0 0 -2 1 -5 -2 -3 -3 0 1 1 -7
-5 -2 6 5 -2 2 -2 0 1 1 -1 -3 0 2 1 -2 -2 -5 1 3 1 1 8 5 12 21 21 12 19 23 12 11 14 17 13 19 10 11 23 10 27 22 12 16 17 17 29 3 0 0 2 4 6 9 13 3 0 30 41 46 -2 0 0 0 0 0 0 0 -7 -1 -3 -2 -5 0 -2 -3 -2 0 3 -1 0 1 -4 -1 0 -1 3 -1 0 12 1 2 0 3 5 -6
1 1 1 -5 -2 -1 0 -7 1 2 0 -2 8 -2 -2 0 -1 -3 0 1 7 13 16 11 18 15 15 11 20 9 26 8 15 3 24 15 13 5 14 12 10 24 18 11 17 5 16 2 6 7 23 21 31 27 69 1 -2 16 9 5 3 0 -1 0 0 0 0 0 0 -4 -1 0 0 -7 -3 -1 1 1 -5 0 4 -1 -6 0 0 -8 0 -1 -2 -2 0 0 -2 -3 0 1
-2 -2 0 2 2 -1 0 1 0 5 -1 1 -1 0 0 1 -4 -4 -1 4 11 14 24 14 41 18 21 29 7 5 10 21 9 1 6 17 11 5 8 18 19 26 15 9 2 8 7 10 25 19 25 92 25 12 12 5 3 -2 2 -6 0 0 -3 0 0 0 0 0 0 0 3 -2 -3 -3 -5 0 -4 -2 1 -4 -2 0 0 0 0 -2 0 4 5 1 -3 0 1 -6 1 1
-2 -1 -2 2 2 1 -1 0 0 1 3 -7 -2 -6 0 -3 -9 -3 0 6 5 6 17 26 28 11 10 28 2 25 8 8 3 3 5 13 7 8 6 5 9 39 16 10 0 7 8 12 12 24 49 29 6 8 6 2 3 -1 2 0 0 -7 -4 6 0 0 0 0 0 -3 0 -2 -4 -2 -2 0 -1 -5 2 6 0 0 1 0 -1 -1 1 1 38 -2 0 0 -3 -2 0 -3
4 3 7 1 3 -1 3 1 0 -5 0 -5 -3 1 -6 -3 6 5 3 4 4 14 20 32 33 31 7 3 -2 9 3 9 6 13 13 12 11 9 8 11 10 17 6 9 6 3 -2 5 8 17 21 4 1 2 1 7 2 18 -1 0 0 -6 -4 5 0 0 0 0 0 0 -4 -3 4 -3 3 0 -2 -3 2 0 0 0 1 -1 0 -1 -3 -2 1 1 4 0 0 -1 0 -3
1 5 3 6 5 4 3 -3 0 -1 1 -4 -2 0 1 7 13 33 14 42 24 16 15 29 56 24 4 4 -4 1 7 11 9 15 22 29 12 8 -1 -1 6 18 10 0 3 0 8 6 2 12 3 2 -1 3 -2 1 1 27 8 0 5 -3 7 -5 0 0 0 0 0 -2 -4 -3 -1 0 -5 0 0 -3 0 0 -5 0 1 1 -6 1 -3 -3 2 -14 0 0 -7 -16 14 2
-6 3 2 2 4 0 3 -1 -5 -19 3 3 2 2 0 5 21 25 26 77 77 38 13 20 26 21 12 11 8 5 6 13 -1 13 17 11 17 13 9 1 -1 1 4 1 3 9 6 10 13 5 4 -2 -6 -4 -3 -1 -7 -14 -3 0 0 -4 -2 -3 3 0 0 0 0 -3 1 -1 -3 -2 -1 -2 0 2 0 3 -3 2 0 -2 2 -3 7 0 -3 -3 -9 9 -1 11 16 13
0 1 0 -1 2 7 1 6 3 -4 0 7 1 5 3 3 42 32 42 24 28 35 26 2 16 16 2 6 37 -1 17 3 2 16 10 21 23 11 6 -1 6 6 5 6 -1 5 13 13 4 -1 -1 1 -1 -5 -3 -4 0 5 -1 -3 -7 -6 -2 -2 -6 0 0 0 0 -12 0 -3 1 -2 -4 -2 0 0 -3 -4 0 3 -3 0 0 -4 -7 -3 1 -6 4 6 16 15 22 21
7 0 0 0 -1 6 -1 1 -1 4 5 1 19 3 0 -2 26 202 75 24 4 7 9 0 3 19 6 11 7 12 10 15 7 5 2 8 7 6 7 10 -4 1 -2 -1 -2 1 8 2 2 2 -2 0 0 -3 -5 -5 -1 -15 0 -1 -1 -4 1 -1 -2 0 0 0 0 0 -5 -4 2 3 -2 -3 -8 0 -3 -4 -3 0 -2 0 0 10 -1 0 -2 -1 12 15 13 13 20 15
1 6 0 -6 1 6 9 1 1 5 1 -9 3 1 5 0 4 51 71 16 7 7 3 1 11 27 13 3 5 14 17 10 7 12 14 6 8 4 -3 -2 -4 -1 -2 -1 -4 -1 2 -3 -2 0 1 -3 -3 0 -8 -2 -12 -6 -3 5 2 -1 -6 -2 -3 -5 0 0 0 0 0 -2 0 -1 2 -4 -4 1 -3 0 0 0 0 0 -7 1 -9 -6 -4 10 5 24 15 16 18 11
-2 -4 2 0 1 33 7 3 4 9 7 1 3 1 -2 -3 12 0 20 29 9 14 9 1 6 15 3 -1 5 9 13 17 4 10 -5 2 3 3 -3 0 -1 0 -3 -1 -3 0 -2 -1 -2 -1 -7 1 -2 0 -2 -4 -2 -4 1 -3 -2 -3 0 0 -2 4 0 0 0 0 0 -2 -3 -1 -1 0 -1 -5 -2 -5 -5 0 0 -4 -3 -10 3 1 9 13 13 15 2 6 12 6
-3 2 -1 2 0 3 5 0 1 2 5 4 0 5 0 0 5 -1 28 48 17 10 13 19 8 10 4 3 3 3 11 7 0 13 0 7 -3 -3 -1 1 -2 1 -5 -4 -1 -3 -2 -1 -2 -2 -1 -7 -2 -1 -4 -5 -3 -1 -3 0 -1 -6 -4 1 -1 -1 0 0 0 0 0 0 -4 -2 6 1 -4 -4 0 0 -5 0 -1 19 -4 2 -1 13 2 -3 13 4 22 10 6 11
1 3 1 -3 -4 0 0 -2 -2 -2 3 1 2 0 -1 -1 3 1 7 65 6 6 4 14 -3 6 0 2 -1 2 -2 4 5 11 -2 4 -1 2 -2 -4 -5 -2 -3 -3 -3 -6 -4 0 -2 -6 -1 0 -4 -3 -4 0 -6 -4 -1 0 -3 -3 -1 -2 -1 -2 -2 0 0 0 0 0 0 -3 -2 0 0 -2 0 6 0 0 8 -3 -1 2 -3 1 -1 9 1 5 0 7 7 16
1 3 4 1 8 5 -2 -1 3 -4 -6 -1 -3 0 1 -1 -2 -1 3 10 7 15 1 3 7 6 0 4 -4 -2 1 -1 -2 0 3 1 0 -2 0 0 1 -5 -5 2 1 -2 0 -3 0 -1 -6 -3 -6 3 -1 -2 -1 -3 0 0 -3 1 1 -5 -2 0 -5 -3 0 0 0 0 0 2 -3 -3 0 -2 0 -1 0 0 1 -5 -4 -7 5 -1 -4 -3 0 2 8 2 11 0
1 -1 -2 0 1 1 0 4 4 -3 0 -1 -1 -1 4 3 3 -1 -2 34 14 -1 1 7 5 10 -12 0 -1 -2 0 2 3 -4 -1 0 -1 -1 -3 -5 -4 0 -1 -1 -1 -2 -3 2 1 4 1 -5 -6 -1 -5 6 -3 -1 0 0 -5 0 -1 -5 -3 0 -1 -3 0 0 0 0 0 -4 -2 -1 -5 0 0 0 0 4 14 2 0 3 -3 5 9 11 7 1 3 2 1 14
2 3 -1 2 -4 -3 0 1 5 -1 -3 -3 -4 -1 3 2 -4 2 18 96 23 0 7 11 2 9 20 -1 -5 -1 3 4 -2 -1 0 3 3 -1 -2 -1 -1 9 -3 0 0 0 5 0 -2 0 -5 -3 -4 -2 -1 -3 1 -4 -4 0 0 -3 0 0 -3 -2 -4 -1 0 0 0 0 0 2 -1 -2 -3 -10 0 0 -2 -3 4 0 0 1 8 0 8 14 6 4 10 5 12 16
6 -2 -1 -5 -1 -4 1 4 -3 2 2 -1 -4 2 3 8 0 8 128 114 48 20 0 18 3 6 3 0 -1 -3 -1 3 -3 -10 -1 -7 0 3 -8 -2 -1 0 -3 -3 -3 -4 -5 -1 -6 -3 0 0 0 -1 -2 -1 -1 1 -4 -1 0 -4 -4 -2 0 0 0 -1 -1 0 0 0 0 0 -13 -3 -1 0 0 2 0 -2 5 0 2 1 2 1 -2 6 11 5 8 4 11 18
0 2 0 -1 -3 -1 0 5 6 1 -2 0 0 -2 -3 2 34 7 48 152 102 19 13 15 8 2 10 -1 -1 -1 0 1 0 -2 -4 -2 -2 0 1 0 0 -2 -2 1 0 0 0 0 0 0 0 0 0 -2 -5 -6 1 2 -4 -3 0 -1 -1 -3 -5 0 0 -4 -2 0 0 0 0 0 -3 -1 -2 0 -1 -3 1 -3 1 -4 0 3 2 -2 -3 1 3 11 13 9 7 25
1 0 1 -1 1 2 0 0 0 1 2 0 0 0 0 2 1 31 37 92 49 49 4 12 3 1 -2 -1 -4 -4 -2 0 0 0 0 0 1 0 1 -3 -3 -4 -3 -3 2 -4 1 3 -1 -1 -3 0 0 0 0 -4 -2 0 -2 -3 0 -9 -1 -3 -2 1 0 0 -3 -6 0 0 0 0 -3 -5 0 0 2 4 3 -1 4 -4 -6 -6 -3 2 -5 -2 -20 8 11 14 14 14
7 -3 4 0 0 0 0 0 0 0 0 2 2 -2 3 2 0 0 3 12 108 39 -2 5 1 1 1 3 -3 -3 0 0 0 0 -2 2 6 1 -1 1 -3 -3 -3 3 -3 -3 -3 -1 -2 0 -3 0 -3 -2 0 0 0 0 0 -1 -4 0 -7 -2 0 -5 -5 0 -1 -3 0 0 0 0 0 0 0 -1 1 9 18 0 2 0 -5 1 -3 2 -1 3 1 6 6 8 20 41
5 3 0 -1 1 2 -1 0 3 2 -2 -1 0 0 10 7 4 -5 4 8 7 34 31 0 4 2 0 0 0 0 2 0 -3 -3 -3 -2 -2 -1 1 -1 -5 -1 2 1 -1 1 -1 -1 -3 -3 -4 -2 0 0 0 -2 -1 0 0 -5 -4 0 0 -5 -3 -2 0 -4 -4 -4 0 0 0 0 0 0 -6 -3 -6 3 -4 -2 -4 -5 -3 -2 -1 -4 -3 -3 9 7 10 15 19 48
