Data/dj/flowtable/dj.dem_origin
ncols         602
nrows         680
xllcorner     419115.19009297
yllcorner     2472406.7289283
cellsize      500
NODATA_value  -9999
[rows 387 to 429 of 680, columns 288 to 383 of 602]
151 73 73 125 44 47 106 40 33 34 30 36 27 33 30 29 35 32 40 35 40 56 45 74 43 50 60 74 81 69 98 81 137 117 80 78 91 184 201 196 201 199 220 232 255 283 353 372 423 364 389 365 364 338 337 379 476 548 531 510 520 580 441 283 246 405 568 465 323 417 302 272 241 197 200 190 212 158 212 241 237 291 269 307 264 216 198 201 247 236 257 237 295 302 299 387
81 82 167 158 238 117 41 47 50 41 42 30 28 37 39 38 31 36 34 56 69 58 60 81 72 95 131 128 105 97 130 131 145 141 97 105 123 183 198 184 172 190 183 255 347 321 367 405 350 279 305 275 263 271 347 438 481 528 522 525 531 427 335 268 216 372 584 492 342 469 347 256 249 256 217 201 163 173 184 205 271 296 274 310 249 249 254 210 211 230 227 224 277 307 278 326
87 147 235 322 214 76 50 50 47 52 45 28 38 39 49 41 37 31 36 41 53 132 165 117 93 115 156 175 113 176 152 186 181 191 182 112 206 197 189 174 171 186 192 314 404 328 263 262 291 261 288 281 266 301 399 507 522 502 535 557 586 378 297 313 272 315 446 556 432 384 442 312 305 244 237 193 197 220 230 253 274 278 327 287 254 311 248 264 267 279 220 219 263 340 340 320
156 218 296 326 112 62 56 48 47 34 44 29 42 57 49 37 36 30 33 46 85 68 91 105 110 107 131 193 194 199 211 220 194 210 206 229 214 231 209 234 193 174 193 282 341 238 188 229 239 219 247 268 238 314 351 424 437 586 537 608 589 497 355 327 349 402 430 586 508 407 516 409 249 272 180 235 252 218 241 221 276 279 362 354 349 334 274 281 301 352 267 302 240 279 300 396
229 288 419 224 86 54 43 46 52 44 36 30 42 52 40 38 39 39 42 36 50 79 64 94 57 86 129 160 182 142 205 272 240 243 242 275 282 260 230 235 208 168 222 336 232 204 197 210 201 202 208 244 265 393 396 414 445 537 557 556 567 616 460 421 537 474 433 512 565 443 496 349 274 225 230 227 297 250 215 258 240 316 325 348 418 412 387 337 285 346 328 280 239 264 304 289
180 343 229 123 52 46 45 44 49 41 31 30 38 49 38 38 46 61 72 37 38 49 61 65 62 82 130 113 138 147 142 233 272 259 261 249 205 272 211 220 204 247 273 181 180 250 245 245 266 329 332 384 304 275 360 397 553 460 450 468 507 506 595 507 654 659 471 521 578 486 527 324 254 251 215 305 303 257 219 263 223 225 306 363 454 548 543 422 410 351 323 287 284 257 335 349
154 229 113 80 47 37 39 33 45 45 30 28 43 45 34 40 64 69 66 53 78 48 48 82 124 114 140 191 171 188 155 271 265 299 245 273 264 190 209 263 156 166 189 257 309 364 370 327 310 440 444 386 404 318 385 437 538 667 589 447 415 447 521 546 851 834 584 555 623 555 569 421 322 281 313 256 258 231 202 256 317 299 323 300 379 453 579 532 469 381 286 274 256 312 343 306
133 69 49 44 49 42 37 34 37 40 30 27 37 44 38 50 54 54 126 126 76 71 67 82 106 206 186 189 179 221 198 271 236 261 239 236 311 317 199 220 156 308 303 289 323 363 350 415 481 611 697 587 511 342 390 457 609 753 751 484 400 451 474 598 763 810 627 550 475 551 637 503 427 368 258 266 294 239 289 314 351 305 290 331 371 457 476 425 361 370 265 303 314 335 312 268
71 60 64 62 52 55 48 38 30 37 29 27 41 31 37 34 40 69 133 108 104 118 135 198 229 219 207 250 221 243 259 283 220 200 249 223 204 181 197 208 149 189 250 268 389 406 336 433 572 635 808 570 538 392 450 556 545 804 731 465 401 392 456 559 760 755 564 601 368 430 638 489 447 447 386 346 379 346 318 405 430 310 294 396 416 485 543 383 336 334 332 343 315 278 243 206
71 70 54 50 39 42 50 31 33 41 28 26 32 35 31 44 74 128 75 87 142 114 142 138 206 200 274 219 216 231 233 281 263 222 188 200 228 181 150 146 182 207 220 250 292 282 384 474 509 614 581 530 449 542 544 676 758 758 694 472 400 375 477 562 697 590 453 509 381 367 551 579 590 493 428 298 400 408 367 482 366 312 362 398 465 483 410 383 302 294 380 331 309 248 192 222
53 44 49 55 45 49 37 35 32 33 26 26 32 28 39 95 148 76 125 163 156 179 202 196 209 237 209 201 198 202 190 259 241 238 207 182 190 210 177 137 173 175 240 239 263 299 460 547 577 569 500 545 550 516 576 666 839 915 698 497 394 414 541 601 585 513 377 436 372 361 506 667 618 492 405 356 446 505 433 450 376 314 342 395 410 402 427 460 327 353 392 316 329 262 248 232
42 49 49 53 45 39 46 34 35 33 30 26 33 30 83 91 87 193 154 197 189 215 226 256 215 186 183 187 189 194 169 208 242 262 227 179 206 198 175 176 168 154 178 213 225 280 380 551 629 488 489 597 621 633 616 690 742 684 637 529 455 404 563 549 429 319 288 408 293 313 468 565 505 396 396 449 411 476 492 463 393 364 372 409 377 420 417 395 377 418 381 359 399 388 257 213
53 41 45 49 35 35 36 34 35 31 32 25 30 80 33 37 125 142 194 220 213 221 238 243 164 177 173 156 159 157 177 200 206 242 206 215 177 173 160 137 132 156 184 163 187 336 356 535 440 402 565 567 529 581 624 660 677 581 515 469 379 415 552 505 359 231 331 473 285 302 395 571 461 367 339 316 355 434 494 430 381 337 343 357 342 388 401 450 489 505 497 378 424 290 311 273
47 44 37 35 42 35 39 35 40 35 32 25 48 83 62 161 74 73 97 100 166 217 210 189 156 119 171 231 233 195 213 228 213 212 183 243 241 193 225 191 118 127 141 181 208 285 374 341 353 424 421 388 404 469 569 632 662 658 608 529 330 366 461 344 211 270 353 462 310 243 339 509 398 330 271 294 318 425 417 268 315 349 320 375 406 451 452 483 609 797 544 484 469 418 446 379
54 38 43 32 29 28 36 29 34 35 31 25 51 82 122 215 54 56 100 145 153 146 174 135 178 138 189 215 239 263 267 233 236 229 262 225 249 274 203 186 137 163 139 147 210 239 234 310 282 328 398 448 537 606 634 649 611 535 611 518 350 270 279 212 203 321 278 322 277 206 309 279 241 233 249 306 325 474 330 228 235 256 294 353 407 484 481 565 720 665 558 509 629 479 394 373
57 51 39 38 35 39 30 32 31 43 29 25 49 143 221 204 149 69 115 107 126 137 157 125 107 156 183 192 179 216 234 233 234 221 189 205 175 176 150 159 166 113 153 186 159 180 241 281 322 402 410 415 513 635 584 505 512 552 528 476 432 426 289 238 243 209 186 184 161 261 194 203 266 188 306 330 320 352 280 189 275 284 307 334 375 532 589 627 639 531 461 427 515 395 345 355
45 48 47 56 49 32 28 31 37 30 25 73 114 283 301 181 115 78 71 111 160 159 168 115 105 141 159 149 112 171 177 185 134 113 142 152 137 132 137 139 139 132 138 129 201 190 187 267 366 263 285 417 613 461 504 467 423 485 476 539 484 496 375 364 424 323 326 245 165 165 224 238 154 181 325 320 254 210 222 231 246 351 473 431 438 552 653 833 630 469 407 440 374 298 332 322
46 47 41 42 37 36 28 33 30 25 46 132 224 342 258 136 136 120 70 129 152 156 159 111 118 170 166 95 171 99 150 120 114 81 111 150 139 132 131 153 144 137 126 124 145 198 172 196 257 208 259 325 497 413 404 413 480 474 516 635 644 657 416 408 476 464 405 297 190 296 318 292 222 142 194 178 159 165 206 334 300 346 429 539 582 628 684 874 665 478 444 325 309 350 330 243
38 34 36 29 26 30 27 25 30 30 126 162 279 212 157 147 154 90 68 100 134 104 107 140 104 104 95 75 96 73 81 100 64 79 124 137 142 134 114 121 123 123 127 122 185 186 169 211 225 185 188 291 289 243 340 509 581 562 570 533 591 708 628 472 426 376 355 338 323 276 245 269 136 189 172 188 244 294 352 374 415 514 569 529 462 528 547 637 572 491 520 438 356 185 256 263
32 31 31 32 31 29 25 30 38 46 108 147 213 146 95 144 93 69 117 104 101 97 130 72 75 95 60 61 54 54 53 57 140 165 140 146 149 121 138 112 129 111 118 172 289 207 185 275 218 184 154 194 187 294 410 487 597 542 497 462 593 655 612 455 344 293 325 351 303 230 189 167 142 173 236 258 318 454 431 465 447 453 525 495 420 454 491 480 532 393 310 288 240 188 232 243
37 34 32 27 30 36 25 34 41 97 207 224 98 62 106 129 84 94 137 130 107 111 74 58 70 81 68 53 46 51 54 73 120 146 174 138 126 143 147 154 126 113 135 236 209 142 192 152 130 140 266 300 305 383 356 442 460 368 449 529 648 519 356 330 243 269 276 204 275 199 145 130 182 250 283 341 451 464 445 425 403 433 495 394 397 380 460 385 323 289 245 252 205 182 238 205
39 35 32 29 29 27 26 31 46 152 141 111 58 147 137 136 144 118 141 122 166 67 52 59 49 59 54 57 55 93 60 109 125 131 115 222 145 283 280 229 182 132 161 186 136 127 109 143 194 303 287 289 356 323 347 304 359 291 397 570 597 451 269 257 208 309 208 212 246 199 189 148 256 219 324 403 523 554 484 457 375 416 479 429 394 386 361 262 298 235 250 259 186 192 225 192
51 36 33 28 40 33 25 31 34 70 53 55 126 140 108 110 95 110 100 153 121 81 51 43 38 51 44 52 97 58 92 104 179 99 71 76 176 169 215 142 150 121 111 151 143 207 215 246 353 338 327 326 391 370 379 325 210 224 392 568 574 357 260 235 184 239 155 188 198 148 141 169 262 282 372 524 635 609 549 450 319 396 367 365 324 426 291 242 233 218 214 221 192 253 245 165
40 46 30 35 46 38 25 27 58 43 64 75 70 53 101 79 59 83 66 95 69 80 69 39 42 43 59 73 70 59 92 124 173 63 52 56 160 153 125 120 150 261 119 112 122 237 309 244 333 343 279 307 252 335 315 204 190 333 420 462 501 340 279 284 246 216 187 150 195 137 123 134 182 279 416 570 755 605 512 391 245 336 284 328 392 396 303 274 238 219 258 251 290 254 188 129
37 42 41 47 55 40 27 25 79 102 41 65 65 55 43 40 45 63 70 96 88 56 38 46 67 70 96 85 66 54 65 41 50 44 47 79 176 80 147 96 131 183 157 141 195 249 283 291 255 224 159 197 126 207 181 228 389 459 582 587 391 302 295 254 210 158 179 125 149 131 153 235 251 263 366 482 560 510 400 266 216 320 384 419 482 433 487 367 299 300 299 256 220 172 138 131
33 30 32 27 43 43 33 24 40 51 57 36 98 31 48 31 47 34 41 56 53 61 38 101 77 78 82 100 112 76 79 44 51 58 84 70 140 53 152 83 124 133 110 224 231 227 276 245 177 172 142 107 143 153 190 352 412 528 536 400 438 261 245 246 227 242 248 173 148 108 207 257 345 381 408 407 397 326 279 200 228 293 382 394 390 415 374 333 321 296 218 256 199 168 145 175
30 30 26 37 37 32 33 24 36 51 52 35 33 48 31 46 40 47 58 46 55 76 31 48 59 62 120 98 135 185 155 52 62 59 53 39 45 43 48 54 71 66 154 287 321 321 350 259 157 83 92 153 264 337 405 383 439 536 480 298 320 267 266 194 218 260 170 141 104 147 303 386 285 294 290 336 343 285 239 186 238 368 375 396 432 394 314 280 227 226 162 213 194 182 153 112
28 30 33 39 37 33 31 24 31 33 29 31 32 34 28 32 31 52 36 55 51 56 49 65 69 58 118 190 174 120 82 57 41 48 39 51 43 51 60 56 42 156 174 264 237 334 219 205 96 97 119 218 192 337 451 456 486 573 419 268 219 227 220 209 250 230 148 142 102 212 310 233 291 232 322 338 326 239 206 222 364 332 288 385 337 380 361 241 204 184 168 141 173 153 136 109
31 33 30 29 28 38 52 24 29 35 36 30 37 35 37 32 33 31 33 40 42 46 68 43 69 79 81 128 45 37 33 45 40 35 35 37 35 36 57 41 98 125 166 177 222 266 119 118 116 80 137 125 224 306 374 456 573 501 287 225 209 203 215 165 280 158 151 142 104 134 119 191 214 284 247 266 331 249 194 309 288 266 247 302 279 330 276 221 248 185 205 146 122 180 140 162
27 31 35 52 35 40 36 50 24 30 35 33 30 24 24 55 29 47 43 49 47 48 43 51 50 53 81 35 45 106 98 51 76 46 40 35 37 38 42 41 67 92 123 155 133 72 89 163 198 157 123 204 270 383 438 556 564 338 254 210 178 160 174 180 136 155 156 157 103 93 149 129 200 273 184 202 179 141 180 243 219 227 235 224 294 241 241 185 214 170 188 146 143 173 161 173
36 39 41 33 40 34 41 36 48 24 24 24 38 33 29 36 47 36 39 46 41 41 43 39 37 33 33 35 49 46 57 63 68 54 54 37 39 47 37 36 42 44 52 61 109 69 179 255 181 136 234 262 368 401 386 516 408 304 192 245 250 170 134 157 107 165 140 151 93 90 101 164 200 178 173 186 138 147 125 154 218 260 243 235 237 232 189 143 210 159 140 146 110 129 171 156
52 43 34 29 55 68 65 77 44 36 26 59 31 40 32 22 38 46 35 35 46 43 33 37 29 33 34 35 37 40 34 37 58 48 42 43 36 40 46 53 39 45 42 49 59 174 216 111 107 124 189 270 277 378 349 335 234 232 199 231 174 163 172 141 152 102 168 165 98 89 148 192 177 154 136 118 129 104 125 119 220 287 214 253 207 179 142 231 198 181 126 160 164 95 150 156
49 41 56 31 46 45 58 54 58 95 36 46 54 40 30 24 38 40 33 37 45 31 28 32 31 32 35 42 51 38 65 41 53 45 51 49 36 37 46 67 44 41 41 40 82 220 107 70 111 87 168 327 257 217 242 334 328 168 170 169 182 162 142 134 127 120 119 136 93 158 137 218 223 229 252 283 233 120 136 189 141 158 260 178 184 152 118 150 171 135 131 119 130 124 117 128
49 61 41 47 67 76 94 49 52 42 36 31 36 39 24 31 29 33 30 34 31 34 29 34 42 34 33 40 38 63 93 37 38 40 47 44 38 64 67 60 55 45 45 48 50 54 69 139 97 191 281 245 226 162 218 269 187 131 158 139 123 128 123 135 102 89 137 99 101 108 156 266 187 190 221 170 135 131 165 213 170 234 187 153 129 125 131 194 126 125 132 93 120 125 115 101
37 45 41 61 90 61 76 47 58 67 30 31 24 24 31 30 27 25 42 30 28 29 32 34 41 39 36 49 66 176 197 99 42 39 47 47 42 42 60 68 54 57 47 44 48 49 76 137 145 142 131 98 95 94 120 128 120 151 182 142 167 148 124 161 151 129 109 87 93 215 207 242 208 166 204 166 137 141 129 181 189 151 177 120 126 134 143 183 153 124 99 96 104 91 100 93
42 49 69 75 93 90 80 54 55 45 30 31 24 31 38 29 29 34 26 30 22 32 34 41 43 37 48 49 96 163 152 169 56 43 50 52 51 53 65 71 54 67 49 46 50 48 95 144 95 102 79 147 176 180 147 122 175 235 194 187 163 155 154 133 122 142 105 144 101 241 213 206 164 149 174 123 174 177 157 147 175 111 120 106 90 126 144 181 111 112 126 91 88 106 120 98
38 43 73 93 73 76 46 47 54 39 29 43 24 41 37 38 34 37 39 30 38 45 38 42 56 46 50 110 83 143 187 169 50 74 44 63 80 120 65 179 128 90 51 51 59 60 55 59 63 90 172 175 204 224 162 142 184 174 150 183 200 163 141 144 154 125 106 123 146 157 207 173 135 119 90 88 117 181 216 140 147 151 151 113 88 126 111 134 158 160 146 99 93 104 103 119
35 52 71 88 118 68 67 96 61 33 36 36 24 38 36 50 51 33 41 54 46 43 61 92 145 61 46 55 102 97 127 111 67 81 56 55 55 70 108 110 121 123 57 59 71 82 70 72 126 126 188 269 259 167 138 137 154 156 138 168 189 142 159 177 183 149 181 119 85 132 115 163 106 93 91 144 120 155 146 124 106 124 197 155 123 94 90 133 90 96 108 93 119 101 128 133
32 46 101 110 128 72 69 77 40 30 31 31 24 33 52 65 40 46 61 61 54 62 112 66 230 74 49 56 136 157 129 91 96 56 48 52 55 94 142 191 161 147 91 62 102 83 53 115 172 221 257 213 156 126 150 143 151 165 144 170 192 205 235 216 143 200 213 114 80 139 110 132 111 125 149 178 168 186 148 135 110 107 163 141 108 114 83 96 90 83 85 163 159 132 120 133
53 45 133 82 66 63 104 70 71 31 73 29 24 30 38 34 48 43 79 83 125 68 119 208 163 152 101 130 74 180 156 104 77 60 54 58 119 157 120 219 243 144 92 74 100 57 81 153 186 234 203 142 112 142 180 131 193 126 165 148 192 258 281 211 227 315 197 126 93 102 149 105 80 129 110 166 139 165 113 97 145 112 116 139 105 129 88 90 88 102 94 98 107 128 141 99
39 62 123 92 62 97 84 62 63 67 44 36 28 24 29 42 44 36 59 67 77 101 155 221 111 89 177 125 92 208 175 114 85 61 59 67 118 203 114 232 314 162 85 76 103 57 59 99 167 228 136 123 144 145 142 178 130 120 151 206 261 253 276 249 282 258 209 147 92 110 234 120 81 109 151 100 140 120 96 132 106 93 92 128 116 101 92 81 90 129 112 104 106 125 111 108
69 65 59 94 121 107 100 72 59 52 78 36 46 24 25 27 33 39 55 42 96 136 118 76 157 179 162 107 174 154 186 141 111 74 70 126 129 255 159 265 216 119 75 113 114 71 87 109 153 109 106 100 103 150 121 118 118 169 166 192 219 191 215 176 241 196 274 142 72 173 181 171 110 116 98 122 107 115 91 105 108 94 131 109 123 130 142 83 86 106 104 115 90 107 96 90
42 51 78 149 100 118 112 70 164 44 70 35 30 31 24 28 28 36 105 123 48 157 69 59 89 122 152 97 200 288 273 181 155 89 80 169 216 158 142 129 169 98 84 104 134 153 156 100 103 95 92 109 129 122 103 167 126 150 164 205 161 167 134 166 171 173 210 161 86 182 155 107 104 73 139 142 124 92 99 115 106 101 121 103 113 142 106 88 87 93 78 120 107 90 94 106
