Data/dj/flowtable/dj.dem_origin
ncols         602
nrows         680
xllcorner     419115.19009297
yllcorner     2472406.7289283
cellsize      500
NODATA_value  -9999
[rows 0 to 42 of 680, columns 192 to 287 of 602]
337 320 265 350 305 352 337 341 491 479 577 507 492 628 670 526 523 414 391 463 392 315 339 299 211 209 231 197 217 331 305 376 378 281 306 249 337 335 289 253 190 199 224 193 188 179 219 290 202 238 244 254 204 200 181 334 297 183 183 251 325 308 321 271 364 355 251 214 196 241 272 246 238 278 374 379 359 404 287 216 241 267 240 292 201 244 282 280 353 389 353 377 425 357 333 349
265 327 264 264 257 311 299 384 360 509 453 506 421 553 710 743 649 562 508 337 457 404 461 429 393 274 266 217 200 272 283 233 236 246 270 263 245 233 200 194 186 203 206 206 241 259 294 330 241 204 165 251 204 238 207 240 247 204 242 264 280 374 272 296 324 391 404 306 287 249 230 373 346 312 349 401 356 388 280 201 332 321 268 335 322 252 270 359 370 311 296 310 278 356 332 325
367 319 263 294 343 260 333 302 387 488 466 489 453 487 727 846 908 673 494 333 450 351 392 289 327 424 363 199 190 233 223 184 189 208 206 248 189 206 195 195 184 205 203 196 224 297 360 262 170 171 204 243 288 245 213 238 317 235 273 213 254 360 268 399 285 347 350 223 330 344 298 298 438 421 390 376 380 412 311 268 281 298 317 393 375 287 359 296 322 401 421 370 287 425 466 315
401 383 368 402 250 296 298 334 377 439 418 491 413 556 712 626 753 624 461 377 376 316 328 271 260 323 345 226 188 215 195 190 194 185 210 224 185 175 178 204 181 181 181 185 265 324 255 215 169 171 223 334 293 232 194 240 270 306 277 238 230 379 316 390 374 409 337 251 341 383 292 273 304 329 390 412 419 354 282 235 235 230 246 272 311 325 362 362 367 371 422 386 376 368 471 423
533 404 378 337 271 269 256 354 408 500 404 379 385 541 562 530 542 772 659 433 349 304 473 354 286 272 333 252 222 189 185 223 256 200 182 220 184 227 181 181 182 180 179 174 234 283 247 241 190 172 193 329 286 252 279 323 318 380 274 246 299 410 365 492 379 392 295 229 274 323 449 387 430 412 397 468 413 365 268 245 318 279 268 333 329 346 376 417 411 386 412 391 369 307 378 440
430 430 425 333 319 266 258 337 397 482 449 330 362 398 395 342 551 819 733 554 418 398 349 350 265 297 255 228 198 189 192 218 299 225 216 194 252 213 177 178 179 180 180 209 197 249 258 247 192 240 231 280 301 300 272 292 326 403 370 287 303 368 410 465 420 381 289 266 316 321 363 462 459 470 409 510 497 442 340 238 294 332 294 339 379 381 472 493 487 369 361 373 337 305 385 440
355 327 429 371 348 288 249 247 468 545 534 386 269 317 398 322 545 644 721 641 471 406 324 296 252 212 225 201 202 197 200 215 352 304 218 279 214 213 193 192 177 178 176 249 172 201 262 198 174 232 256 267 360 349 308 290 334 336 450 342 276 377 452 490 434 349 325 271 267 272 314 369 446 450 406 511 426 413 340 237 330 415 274 407 460 561 513 519 534 423 385 400 375 318 364 425
286 308 361 331 434 293 244 297 457 427 410 393 276 290 311 284 366 487 598 656 630 444 369 294 247 288 230 267 329 234 209 250 289 238 260 306 205 191 186 192 180 178 212 228 187 171 190 172 224 208 267 252 338 335 289 331 398 432 427 377 331 378 391 434 384 351 331 324 388 372 347 347 404 486 426 455 410 409 277 312 375 366 364 430 573 553 575 539 465 446 470 413 382 376 338 419
265 280 264 303 277 278 256 258 397 322 319 285 269 281 283 271 282 338 362 430 613 396 399 307 298 211 235 323 264 208 244 260 324 311 273 200 255 234 211 215 177 189 229 234 220 173 180 209 242 181 303 350 357 358 315 414 449 395 371 339 320 434 328 427 390 349 366 331 431 491 411 448 565 483 505 405 392 351 320 354 363 341 365 401 451 522 625 614 571 560 485 412 364 403 371 373
285 316 297 289 262 357 313 243 308 237 262 227 235 230 240 244 257 261 281 463 450 379 310 256 235 268 208 208 232 232 254 317 334 343 245 263 238 224 192 188 180 209 226 203 215 175 208 318 244 296 200 249 402 415 377 409 475 475 469 306 283 362 320 384 410 440 369 432 461 561 473 507 571 583 521 469 453 432 297 380 517 397 434 478 452 537 612 688 657 596 513 474 406 448 402 403
270 393 474 309 338 417 347 273 241 339 376 278 225 225 232 256 236 247 252 445 364 299 265 300 280 285 208 329 257 221 290 383 347 260 258 207 202 229 227 202 183 203 199 204 179 195 250 313 281 225 269 411 324 469 456 405 508 454 358 418 268 296 388 360 380 401 552 509 502 509 618 651 603 507 493 455 547 454 382 418 535 548 569 666 605 692 868 922 842 705 609 538 471 454 415 360
311 446 496 369 490 482 339 272 334 481 466 317 300 254 265 251 229 238 278 318 329 342 308 230 224 208 260 401 312 232 319 301 354 225 278 244 245 230 211 192 186 213 230 201 190 237 312 340 226 242 258 361 446 413 487 505 574 455 333 397 289 296 316 355 322 359 378 414 441 504 633 621 506 502 491 435 545 487 481 525 607 647 667 727 639 877 962 972 920 857 693 677 585 451 405 362
406 442 511 520 573 459 321 251 432 498 382 287 334 311 239 232 258 295 283 272 350 342 348 270 211 208 233 385 344 305 296 315 251 285 288 257 242 205 224 194 205 191 215 191 250 270 322 283 321 361 401 387 407 447 510 605 508 384 407 338 344 349 376 401 404 477 532 556 485 560 558 454 441 414 373 408 426 427 488 509 602 565 596 606 652 689 759 815 823 753 737 644 575 446 418 435
593 413 367 402 450 399 264 378 535 506 377 357 389 332 305 253 237 238 254 305 450 309 338 208 208 213 261 282 350 347 282 287 259 362 287 264 204 220 191 199 217 196 213 220 324 306 314 249 418 419 489 389 482 412 506 582 466 368 345 339 348 427 370 460 480 489 623 605 583 645 571 490 475 407 403 433 496 451 488 507 543 575 562 517 541 626 717 684 723 617 632 666 578 553 451 350
521 362 301 312 292 283 373 333 477 564 511 433 362 289 326 287 298 217 269 394 415 359 217 208 207 225 286 346 400 325 323 287 345 315 360 221 256 259 225 242 214 213 234 269 385 310 259 345 414 486 429 519 508 520 494 583 449 467 440 388 319 399 472 407 508 615 606 551 555 615 591 440 435 355 469 451 383 414 499 408 513 604 604 489 594 808 779 632 677 572 600 628 523 423 354 341
399 306 295 326 422 299 414 523 580 561 485 427 386 292 253 299 216 344 330 331 329 329 208 215 260 307 281 301 332 323 363 326 354 317 258 241 269 237 258 225 236 225 255 316 331 325 327 335 433 496 452 498 589 488 514 503 436 453 411 428 351 439 488 541 519 585 553 518 536 651 509 438 341 414 456 421 337 452 393 379 486 486 463 484 647 791 852 686 631 589 596 599 542 453 399 367
316 319 368 391 472 448 549 550 433 394 431 491 407 234 223 221 293 325 217 247 222 252 217 220 252 445 419 281 381 441 409 338 346 282 352 304 304 326 235 247 227 315 300 389 450 382 317 381 431 496 516 555 560 571 656 511 489 497 375 441 407 386 476 521 511 474 431 440 454 462 468 399 321 414 414 316 313 300 327 367 484 438 417 519 556 710 684 584 568 529 531 604 540 456 402 397
335 436 450 519 596 647 522 502 438 406 337 396 325 258 311 277 321 393 272 211 229 258 241 208 212 296 434 337 338 345 340 341 306 380 393 437 426 320 268 271 280 319 352 375 448 377 341 341 419 476 560 630 663 704 646 560 500 450 447 441 435 441 556 587 568 549 468 516 478 400 339 295 311 344 434 362 358 372 377 499 473 421 409 496 648 856 762 766 744 555 461 624 500 388 428 392
374 523 705 643 774 746 556 455 412 523 420 283 302 249 279 316 367 270 281 280 343 372 241 231 215 219 280 273 350 394 380 345 383 334 387 374 410 432 448 450 355 365 463 542 442 397 376 416 471 523 521 581 625 709 640 496 469 473 506 514 530 479 603 760 698 629 629 709 613 533 436 380 292 268 363 325 314 432 543 599 556 404 399 480 649 853 764 674 601 499 477 471 378 399 481 573
487 627 829 823 668 598 559 553 418 444 286 303 263 241 329 283 271 243 238 278 318 446 339 264 236 224 226 228 253 289 283 325 286 386 357 332 314 402 372 461 512 503 597 718 518 383 431 423 502 567 438 544 653 584 511 460 418 583 496 633 508 496 665 761 804 719 733 662 640 556 401 320 244 247 311 264 290 302 382 531 496 402 473 489 606 681 667 548 516 455 456 338 376 335 410 471
630 727 788 630 571 498 531 526 394 433 376 266 331 349 359 344 280 257 297 266 432 375 414 392 345 302 243 239 242 263 259 264 262 269 268 257 253 258 317 338 357 376 487 552 479 418 459 475 582 536 439 509 505 468 437 401 459 414 417 558 403 500 521 612 651 740 704 543 490 463 332 240 255 282 233 210 284 324 461 594 459 363 470 543 576 642 633 584 511 466 394 374 298 284 263 500
775 875 711 616 497 430 385 355 365 438 340 287 343 441 410 337 275 260 334 269 364 499 487 503 322 292 318 251 297 326 322 365 318 282 265 260 258 244 235 245 253 313 438 507 492 457 498 557 596 507 502 420 422 341 400 490 546 339 421 464 332 487 648 672 600 542 636 526 396 350 387 314 227 345 238 206 321 429 471 529 518 387 487 619 488 477 533 504 451 502 402 444 368 335 239 397
972 765 652 574 477 413 419 432 375 469 393 331 304 358 369 319 347 262 334 299 421 419 639 416 306 347 318 277 389 355 382 483 409 315 320 309 293 272 243 231 220 240 347 407 335 443 423 545 533 590 512 506 468 406 384 531 451 256 353 399 367 468 494 528 613 485 568 598 561 469 381 450 351 213 233 208 240 300 335 443 414 366 456 589 536 368 463 436 431 507 558 515 473 424 310 211
723 652 515 591 458 492 438 492 445 419 377 338 339 353 320 322 350 331 341 403 392 487 548 449 362 454 335 390 509 412 367 498 492 391 358 408 381 329 275 257 234 228 369 318 335 438 348 394 477 489 497 587 530 410 334 416 358 228 264 384 304 375 518 628 457 427 502 552 460 350 361 353 256 203 196 206 212 205 278 351 458 286 463 385 350 290 349 463 502 618 607 412 503 376 303 237
476 639 490 499 539 566 434 448 408 448 435 318 371 481 425 349 364 385 338 401 424 388 510 458 381 485 337 358 474 598 511 544 524 527 484 390 495 452 430 346 244 239 264 275 388 362 344 314 467 434 495 443 526 425 355 376 234 221 277 284 325 382 541 566 516 550 482 390 373 255 244 238 266 234 188 184 208 192 215 220 249 227 237 250 259 318 453 555 503 595 491 408 309 229 209 200
354 458 376 427 503 479 494 481 448 433 405 354 391 463 446 410 413 459 335 424 425 431 464 441 457 494 384 445 419 474 635 556 551 543 466 478 500 501 508 395 264 209 206 344 381 336 323 300 449 410 482 412 484 461 468 455 314 203 226 333 383 374 504 639 548 560 446 330 294 229 207 220 237 211 210 182 191 184 197 202 215 193 216 202 212 318 421 435 449 381 324 263 249 226 194 207
343 327 310 359 419 442 467 436 534 477 439 433 451 459 510 446 397 321 339 425 514 474 532 499 532 527 525 504 437 558 658 544 413 383 456 375 460 544 457 355 255 213 193 241 261 315 243 257 354 451 403 396 436 437 457 384 327 200 221 326 370 391 399 595 569 502 398 252 221 220 199 205 206 208 212 181 181 177 183 195 207 188 208 214 240 236 246 286 265 270 259 247 222 219 212 201
321 272 268 269 376 399 473 446 455 457 518 412 430 402 401 432 417 389 368 366 445 501 482 476 495 557 561 644 637 629 666 648 518 432 373 466 413 372 538 435 270 226 194 193 220 233 306 196 334 398 395 375 422 400 417 437 366 207 212 236 297 285 414 539 512 399 321 225 214 196 187 194 184 186 190 179 176 176 184 204 190 181 183 193 212 226 210 200 207 215 214 210 197 196 193 185
365 285 300 281 339 390 412 419 361 361 560 556 514 576 519 490 554 576 540 527 506 478 524 548 579 552 498 587 630 545 617 623 502 508 451 291 395 411 483 520 368 336 204 183 201 238 268 212 302 342 352 321 346 344 369 330 398 236 197 234 233 306 420 441 416 308 206 210 193 196 185 178 185 180 195 189 187 171 178 176 193 176 179 182 199 199 200 194 190 201 199 202 186 191 189 175
476 412 382 330 294 426 335 338 395 341 422 482 591 592 414 413 531 560 576 496 356 393 381 469 496 426 428 559 555 607 659 515 419 418 407 307 328 413 426 417 502 311 306 213 187 177 181 221 250 273 294 291 355 339 303 292 345 338 188 240 272 408 356 355 366 205 207 182 198 189 187 174 177 170 171 186 180 171 187 177 177 172 183 185 199 186 192 178 190 180 186 226 200 170 178 170
425 383 348 268 421 499 400 288 268 291 378 468 476 518 312 444 376 467 411 422 322 326 315 417 344 319 411 591 545 509 599 561 525 513 375 329 279 286 264 401 509 404 370 286 265 254 202 225 185 198 228 234 262 286 284 242 282 230 187 315 446 397 329 275 288 179 177 181 178 175 176 170 171 164 178 183 178 171 168 175 175 170 181 173 181 177 174 173 171 168 189 291 217 175 171 172
459 379 341 269 416 407 349 373 249 262 281 344 332 372 273 309 307 300 307 296 273 268 302 279 315 347 478 597 522 496 616 614 636 448 351 383 257 286 287 405 350 439 322 469 311 239 224 313 263 224 208 259 197 232 247 240 217 205 181 223 244 240 211 178 169 165 180 183 188 169 166 170 169 163 178 175 182 175 170 166 163 178 178 163 175 176 179 163 172 170 174 225 220 161 163 165
556 410 286 252 319 262 301 351 249 250 273 271 282 262 255 247 259 267 270 279 258 264 265 294 307 462 591 593 438 497 489 554 726 489 497 457 359 270 222 311 315 389 294 282 336 296 167 208 202 215 240 211 189 195 198 193 199 189 186 184 187 189 182 188 186 170 165 179 172 167 172 180 169 175 174 163 175 186 173 162 162 170 178 176 170 163 168 162 169 168 178 177 179 162 167 180
552 420 391 420 241 306 244 302 286 241 240 265 246 254 256 232 233 231 235 252 244 250 268 314 340 512 530 448 405 423 540 550 707 700 496 404 470 492 348 214 282 289 344 279 209 230 214 182 215 208 204 186 185 195 192 182 191 191 189 183 178 174 187 185 186 175 163 159 171 158 174 169 161 169 178 170 171 171 174 176 169 158 157 173 161 162 171 160 166 167 171 169 162 163 183 177
546 462 401 299 338 486 288 288 438 261 224 235 230 250 239 225 233 254 259 266 248 273 273 354 416 673 561 498 511 411 494 556 618 620 505 531 631 579 476 309 214 243 289 317 247 191 196 165 194 168 185 181 180 184 185 176 179 178 174 174 190 175 173 193 185 182 163 168 166 157 169 170 157 163 177 172 163 165 173 173 171 164 158 158 154 161 157 155 152 160 157 159 158 169 172 169
461 370 279 321 484 564 275 303 411 345 243 213 219 217 238 300 337 327 309 308 315 288 294 322 449 746 725 616 503 387 454 569 546 611 595 576 606 564 507 416 386 242 266 277 234 184 176 171 158 173 170 168 169 181 182 172 169 180 169 179 174 188 171 177 187 176 171 164 154 155 156 169 168 162 172 173 166 168 162 166 168 170 165 155 152 156 154 162 161 171 154 153 167 169 160 175
373 415 287 435 590 430 293 251 374 357 236 265 403 282 231 268 343 499 388 325 360 338 317 403 583 697 616 503 531 450 439 449 546 512 512 466 517 533 398 413 339 261 191 241 201 181 172 156 156 162 162 176 160 177 176 181 164 170 180 162 186 187 176 172 178 171 172 157 173 158 166 175 167 155 158 165 161 167 159 168 165 165 164 162 155 153 174 169 169 180 174 162 157 161 160 170
352 304 312 428 497 532 362 268 221 301 311 390 215 201 247 265 388 427 554 482 531 435 357 599 799 630 583 487 462 477 392 380 365 450 627 555 419 476 503 299 280 269 255 206 171 174 179 173 159 160 164 175 159 169 168 176 162 167 160 180 180 182 178 164 180 171 171 172 162 154 163 167 171 176 154 156 157 159 165 170 172 164 159 152 176 169 167 170 169 168 175 163 161 165 175 171
281 408 359 382 410 352 306 253 300 217 264 219 191 186 214 248 342 340 416 425 648 594 535 606 651 821 726 479 504 564 418 432 351 545 508 526 468 399 392 356 233 243 197 210 183 177 178 190 181 154 150 163 157 167 164 165 170 162 169 180 180 178 172 166 165 171 172 160 159 152 167 165 159 168 157 157 160 158 170 164 167 155 151 153 177 166 167 167 170 166 174 171 179 176 171 172
374 365 406 483 337 309 228 275 289 196 232 226 235 241 189 234 321 224 321 323 366 481 546 488 509 708 704 600 620 657 465 339 451 355 401 472 507 383 458 310 294 233 216 189 179 175 197 182 163 177 156 149 153 154 156 176 163 155 177 164 173 174 171 175 159 165 169 169 170 160 149 158 163 163 151 159 168 163 165 166 157 162 149 152 170 165 173 175 173 170 166 169 184 171 176 190
419 479 476 473 338 309 329 235 287 237 270 250 225 188 279 314 270 234 247 248 301 396 444 362 429 573 750 745 751 727 541 435 375 367 315 338 423 380 385 287 261 204 201 181 186 165 172 176 187 174 166 165 150 148 167 167 168 151 157 167 164 160 168 158 160 158 168 169 168 161 160 152 168 164 159 155 158 162 156 161 166 148 170 165 164 174 178 157 171 163 168 170 183 176 178 188
491 576 578 532 394 350 291 313 337 299 254 246 210 186 190 212 237 208 181 231 303 368 498 350 346 490 559 558 582 555 581 430 453 437 367 264 400 348 349 292 243 192 190 185 174 177 184 173 177 174 178 177 145 149 163 169 163 150 170 170 163 153 151 169 159 171 169 171 167 165 154 165 160 156 156 163 164 162 163 161 162 157 164 171 179 165 156 161 162 170 167 166 183 173 173 183
485 500 448 447 386 369 278 353 334 285 261 246 234 209 224 182 315 254 167 285 256 378 468 276 315 411 529 425 415 429 486 675 611 475 353 352 240 241 297 213 182 188 189 181 173 171 184 169 162 177 166 176 146 143 153 170 146 162 173 162 164 153 164 168 160 159 159 171 163 156 152 163 158 154 148 158 152 164 150 157 148 147 159 162 164 174 152 154 166 161 162 188 175 189 181 186
