Data/dj/flowtable/dj.slope
ncols         602
nrows         680
xllcorner     419115.19009
yllcorner     2472406.72893
cellsize      500
NODATA_value  -9999
[rows 420 to 447 of 680, columns 496 to 557 of 602]
6.64257 4.550123 1.923396 4.314384 4.528303 2.19689 2.002592 0.7584488 8.064683 8.940764 4.105309 3.409056 7.66174 7.554963 7.896543 4.146246 1.402735 1.07522 1.147372 1.49718 5.052358 5.89395 2.924336 1.675941 2.902244 4.276076 6.818163 13.67625 8.627317 5.919145 15.80012 8.294382 17.12472 7.777166 12.677 11.58989 9.132247 7.615349 8.288635 7.573553 9.868792 5.208719 6.414227 3.247014 4.062389 1.131535 5.056215 6.152012 9.878469 14.32926 13.35546 12.6186 7.363792 3.23371 7.160185 10.13382 2.948267 4.79488 6.530037 8.059018 3.673563 4.201306
1.851063 1.505034 3.13342 2.277156 2.286208 6.616799 9.225827 10.81058 11.28307 11.73411 8.523272 5.891634 10.74264 10.90324 7.931811 2.930879 2.806561 2.732113 1.51352 1.905727 4.625267 5.16016 2.694447 0.6325421 1.821879 1.680829 2.705251 9.01648 11.88966 5.400034 10.39513 16.60781 16.06287 3.213202 14.97976 7.636894 5.862707 12.48801 8.951635 4.032629 7.427927 5.107633 10.02734 5.347621 1.219456 8.3834 14.27816 11.42242 8.815695 13.4845 11.17674 7.860271 6.695752 6.227431 5.976906 3.336954 7.885758 1.784924 9.809111 6.651642 2.3993 0.8451728
3.698475 4.388021 3.447501 2.908097 6.230493 9.227632 9.622869 10.09095 11.39301 9.493567 4.935785 2.346822 8.948552 11.64665 12.20726 8.093133 2.82653 2.752625 1.895811 2.957199 4.701367 4.895669 3.463701 1.555549 0.9326954 1.424231 3.30282 5.370704 6.911663 11.4676 5.133377 6.511214 4.075027 5.417084 13.02113 5.800246 10.9649 14.95036 13.55075 8.177371 7.721826 9.085758 11.03387 2.413251 7.5563 16.23698 16.08334 12.9132 7.694203 12.83972 11.533 7.262332 4.052444 4.146708 1.351068 7.544051 5.44356 4.499879 8.810011 5.213315 2.17892 0.9424697
7.055498 3.759423 4.823409 8.908545 12.74991 10.27176 7.021878 6.458159 4.999269 2.842812 0.9610777 0.6918595 5.510612 9.862386 13.05701 11.99521 7.230293 5.913385 1.926363 2.509134 4.313393 4.133697 2.638784 0.9416735 0.9566057 4.033411 5.772689 7.570929 7.076384 12.76446 6.753788 0.5969841 2.173157 4.943175 9.971502 13.04814 11.7362 7.113978 7.605343 9.121687 8.971609 6.927192 10.57468 13.8469 18.12638 15.88701 11.52464 11.28822 16.07123 15.71114 13.26516 6.214607 2.102385 4.276216 4.692168 2.530495 5.645722 5.84127 6.503704 4.646676 1.377367 1.19654
6.435111 7.291223 10.96798 7.879566 7.352554 5.950347 2.13232 2.140939 0.6981765 0.5047559 0.3973277 0.2883817 1.100814 2.762224 10.89213 16.95236 10.44724 2.919695 4.979724 0.7135774 4.250998 5.031415 1.979268 1.38233 3.132525 2.99624 7.676864 12.05594 10.39519 8.704458 2.895951 6.169668 2.146441 3.749573 5.978878 7.212714 4.156406 11.82477 13.37129 8.284105 3.280065 8.527496 13.8434 17.8757 16.80854 10.50195 10.35025 10.17379 12.79912 13.75445 8.387656 0.8712244 3.079974 4.03359 3.410957 5.447171 5.741495 4.796703 4.830777 3.352377 0.9103675 2.291057
9.084776 10.45012 8.85764 2.433858 5.09135 7.032782 6.139987 6.251017 4.302964 1.194592 0.1269684 0.08062757 0.3630036 3.700429 10.25422 15.3379 11.84155 6.240778 5.233398 1.522298 2.906148 5.661627 3.070403 4.630936 6.56634 6.999213 12.84418 11.11207 7.066775 3.892983 9.406384 9.820782 10.57709 3.813301 2.364863 1.43339 7.698089 13.04808 9.035984 12.51778 15.80934 15.23388 13.78129 13.16643 10.89296 10.35964 11.64852 9.357736 4.158657 1.39483 3.239259 5.49806 3.637333 0.2439265 2.607516 3.713998 2.381746 1.794198 2.283179 1.965839 0.9103675 2.727242
12.16188 7.772888 4.935513 1.716449 2.830001 3.152896 4.123036 5.854736 6.877604 3.158819 0.04031991 0.00114616 0.5145037 4.705921 9.436152 11.63338 9.015314 2.013913 3.22086 2.259725 2.560754 7.798418 8.252129 9.813916 10.7789 11.47425 10.211 3.025269 5.573465 7.966725 5.211017 1.7048 8.49528 8.214542 4.217382 0.7019961 8.89739 9.650051 11.61382 13.91398 12.91164 12.43474 11.75081 9.511994 7.499838 7.697534 7.643319 4.634097 1.180793 2.625346 6.748459 5.086762 3.234468 2.886592 2.725516 2.117527 1.661359 1.758438 1.54767 0.9033563 1.246069 3.730004
8.175848 4.280265 2.788577 2.881204 2.762416 0.6733468 3.095727 3.961794 8.653513 6.251812 1.416495 0.001145286 0.3646238 4.623361 9.832559 11.65825 9.434721 2.573711 4.730042 3.098487 4.697109 6.476357 14.72237 12.19193 8.210253 9.150469 6.548415 3.879731 5.514732 5.594254 4.634009 5.498244 6.091939 9.125143 4.345646 0.5563422 6.604088 7.566479 8.010966 6.556508 4.990887 4.175186 4.142067 3.564386 3.097443 2.934992 2.327934 1.205248 0.3171614 3.244359 6.267029 3.546243 4.116012 3.422312 1.147194 1.040743 0.5868285 1.399291 1.33381 0.5502911 2.39178 6.289028
4.902551 5.027755 3.898921 3.056994 1.385826 0.6969988 3.891906 3.4244 8.955811 11.60643 6.112872 0.4243796 0.00101298 4.060455 9.850602 13.2517 11.97007 4.326074 6.676492 4.565854 1.159406 8.70378 16.10055 13.23415 6.340433 5.867399 4.654024 8.473711 5.850789 2.450369 9.85755 5.530877 4.596149 6.699361 3.136595 1.733594 2.958295 3.830214 3.314079 2.20647 1.68098 1.47511 1.712863 1.820501 1.588712 1.441371 1.325328 1.130266 0.7390746 2.887676 4.742803 5.284629 3.708941 1.242609 2.746078 2.279338 0.5507981 0.3889955 0.5495309 1.438164 4.606274 6.462638
1.076226 3.65506 3.602491 1.446057 0.08102842 0.9927061 3.384813 4.569338 4.478119 12.30454 10.85686 1.610304 0.3442974 3.664117 9.216691 13.94358 13.53378 1.663701 5.726308 7.626032 8.884023 9.536677 14.19116 12.61161 4.97401 3.278632 5.107673 10.59645 5.484256 6.360742 11.08357 6.279518 4.108728 5.558504 2.934713 1.77929 0.877558 1.744162 1.429947 1.179799 1.279197 1.078708 1.033001 0.7625272 1.302622 1.288085 1.215582 1.259164 0.7181851 2.112007 2.253592 1.821738 2.456543 1.415538 1.838755 2.259294 0.8815929 0.4726101 0.7014879 3.331838 7.683887 4.370043
1.21131 1.640883 1.415023 1.41901 0.7303412 2.99655 7.273521 8.328008 3.807087 11.52049 12.20396 2.814458 1.091477 4.325173 9.576199 13.07894 12.02432 3.45574 3.434582 3.747684 11.86868 12.52863 13.0034 10.95392 4.477256 3.861713 8.782031 12.89306 4.145018 9.828397 9.32329 4.078911 1.349094 3.802154 2.253937 0.7320245 0.4663436 0.3449621 0.8107368 0.6485165 0.6594948 0.385082 1.320369 1.127359 1.618239 0.9759035 0.8898594 0.9798131 0.6074072 1.366608 2.309286 1.509316 2.386983 2.823924 3.495159 1.567279 0.7533528 0.6296558 1.041897 5.992825 7.292269 2.005045
3.020754 3.743207 1.44791 1.024228 0.9603623 3.920451 7.73066 5.238061 3.730934 13.14668 11.82959 3.743192 1.194966 7.039694 11.64519 12.08616 7.374576 6.247408 10.97701 13.34924 12.56086 9.845078 12.64488 10.55706 3.169297 5.806581 11.092 10.03618 3.405204 11.33335 6.447325 3.593131 3.480701 4.367107 3.178393 0.9103675 1.013512 0.5318516 0.5051994 0.9346025 0.8898594 0.3892471 1.146704 1.260623 1.500659 2.40114 1.029023 0.9103675 0.8099472 0.839328 1.327384 0.7697242 2.057736 2.049278 1.477332 1.135154 1.044123 0.2293256 4.618189 7.594599 1.641502 8.694633
4.427726 2.309217 1.819163 1.950092 4.289153 6.147744 3.961794 6.600595 3.072533 12.80047 13.41193 2.413251 5.626246 9.982461 12.73373 10.0538 2.759749 4.935513 6.094981 6.855235 7.765322 8.109062 12.36126 10.001 1.360215 5.535253 9.560092 12.37386 9.419273 8.043929 3.766579 2.553677 4.432667 5.011112 2.39178 0.4552125 0.9682758 0.8377876 0.2643622 0.9333316 1.337724 1.263067 1.279037 2.102093 1.379153 3.326567 3.095265 1.306971 0.9445133 1.276479 1.368881 0.7270928 0.3533997 1.121973 0.9412903 0.9598242 0.8803583 3.113173 7.053818 2.38458 6.789755 6.679091
6.359509 2.518457 0.2309654 2.73721 5.466116 8.327914 8.114692 4.713468 1.920612 10.86451 15.98745 2.01565 7.405724 7.076128 9.929779 9.692831 4.227792 2.461038 9.217098 9.088888 6.09241 8.918951 10.85499 7.812005 0.7378969 3.389358 5.272485 7.618217 3.217051 5.422963 6.495109 6.855423 4.923839 2.394136 0.9114934 0.8225421 0.8152288 0.5939763 0.1019417 0.4543092 0.8182058 0.9515749 0.4663436 1.307573 3.512697 0.7494706 4.227262 2.387148 1.06709 0.953719 2.08888 0.7375242 1.327156 1.316076 0.5433583 1.251779 1.449879 4.17255 3.59404 6.376364 8.179363 3.757705
4.509552 3.084353 1.797767 3.14099 4.09641 7.656596 3.537194 7.238317 6.168246 12.30893 13.83888 4.164529 6.95767 10.59262 12.32035 13.79364 10.49282 4.246396 4.484295 9.310983 11.56628 10.46918 7.971617 5.384 0.8862715 1.928477 4.146494 8.472465 0.5846353 8.585517 6.341037 2.896832 0.6279455 0.4058339 0.6090395 0.6598058 0.5557151 0.442364 0.1527078 0.06057184 0.7898878 1.03278 0.6794125 1.076554 3.783385 2.567343 4.604109 5.956224 2.805299 0.1379186 1.370976 2.64437 1.892999 2.653251 5.579033 6.221303 2.332503 4.613775 2.953048 7.224846 3.841923 1.500221
3.050551 2.528228 2.631029 3.628008 3.55636 5.232002 8.449856 4.559889 9.954198 14.51123 9.866907 6.735205 0.6976407 5.290355 9.042102 13.34727 13.87364 9.798285 1.019411 10.48833 13.5635 11.49979 7.61527 4.239943 0.1662838 0.7292344 7.242911 7.489778 5.826529 8.072915 2.037474 0.8995429 0.5299632 0.3469429 0.5652024 0.5642797 0.5784982 0.4575175 0.08494396 0.01946369 0.4991158 0.8914272 0.8202947 0.8327035 3.258445 6.616525 5.55504 9.442661 5.836462 1.175429 3.644635 4.641465 3.384994 4.629179 7.104224 4.77619 5.601781 3.42279 3.640978 5.059226 1.005189 0.23077
2.891968 3.348658 3.863297 2.761824 3.006017 3.962052 7.92495 6.918618 8.712005 14.89224 9.60141 7.359397 6.819727 4.290746 1.934165 10.58896 13.03574 14.48998 7.147545 9.739462 12.50328 12.88588 7.966047 3.521893 1.341339 0.4538912 7.174126 6.157869 7.306736 4.244141 1.794916 0.8351927 0.5392041 0.2362352 0.3088102 0.7472778 0.6875525 0.4323307 0.07214405 0.09966681 0.2163713 0.2264082 0.4052575 1.002688 2.538567 7.736252 5.0876 8.687826 8.1998 2.831309 6.026371 3.456449 0.6447095 2.683613 4.089966 7.119878 5.701706 1.703917 0.7179337 3.625007 0.8011522 0.6886255
5.199623 7.853753 7.908807 6.340273 4.835192 5.642744 8.343129 8.232807 8.592286 16.24487 16.52777 13.64615 10.02499 8.565666 2.252385 7.677871 10.58622 11.70886 8.132846 9.058378 9.408679 10.79689 9.272677 5.801746 2.319283 0.2372373 4.38522 5.74695 4.705384 1.032802 2.128147 1.061205 0.669681 0.5650064 0.4037457 1.145763 0.8723726 0.2831933 0.04439268 0.07981322 0.1358894 0.3367405 0.5506642 1.331472 1.71044 5.379154 8.037541 8.405806 7.182155 3.692927 5.172954 2.928645 5.15715 5.87887 5.526334 4.215392 2.550911 1.571733 1.603216 2.997014 1.617022 4.11019
7.583897 11.28174 6.956232 6.479315 7.694333 8.017475 8.900513 9.021256 7.283894 14.86878 19.49699 16.29027 12.23242 12.02486 4.758808 5.524395 12.1861 12.54397 3.304202 7.353073 6.860694 5.76089 7.727006 7.607135 3.273853 0.4025039 1.152162 1.862894 1.572127 1.100481 1.353781 1.418799 1.142899 1.758438 2.107901 2.400699 1.12629 0.1140184 0.1277972 0.1736228 0.236964 0.06117648 0.1233548 0.950682 1.346179 2.473563 4.169571 6.218573 3.356508 2.794327 4.656807 5.386031 3.838638 1.90194 2.303849 2.227312 1.060671 0.3440928 1.078868 0.2590997 7.378841 11.43149
6.07862 11.96633 7.880175 2.335923 8.148963 10.09095 8.664259 5.282633 4.473163 4.28407 12.64336 16.76942 14.91223 13.67274 7.110559 3.723823 13.04098 16.6174 2.55824 12.89156 7.307643 3.577247 6.401727 8.217155 3.436901 1.147331 0.3994014 0.4013748 1.095888 1.76193 1.48963 2.177245 0.960649 3.16411 3.276264 3.849707 1.74078 0.06407142 0.1175623 0.05744344 0.08386786 0.1581871 0.0736562 0.4902694 1.17004 1.322076 2.045746 2.387112 0.6208201 1.406094 2.108244 2.036615 1.373444 1.120224 1.85127 1.936583 1.42965 2.159435 3.340053 4.554889 10.41068 13.61757
3.63155 8.000679 11.29727 11.39422 11.75191 6.315935 4.016473 2.611437 4.447062 3.672286 7.830891 15.75243 17.26276 13.64339 7.352628 2.007769 10.54761 19.08414 4.863187 15.47923 8.573077 2.653715 4.035459 6.033092 6.686779 4.865356 1.137196 0.26476 0.8474747 2.448465 0.8437179 1.967603 6.11347 8.376508 7.438616 6.166373 3.546977 1.49955 1.006585 0.5501132 0.3441764 0.1716006 0.3889208 0.5669279 1.278523 1.360486 1.799323 0.8466852 0.01885654 0.001145723 0.001145942 0.05875116 0.1700904 0.1889375 0.1008836 0.0008103805 2.236082 2.661995 4.329085 10.18549 13.24338 13.49688
4.437073 3.643667 2.464943 9.690875 16.37208 14.27631 7.706765 2.851238 5.878319 3.564157 9.641901 16.14205 16.96335 12.10981 6.816513 1.219735 9.007947 18.33707 7.413248 13.78606 10.31897 4.106148 2.11975 1.897863 5.244552 6.80374 2.00483 0.1647248 0.9465179 1.7071 2.286042 1.075649 11.9515 8.620461 10.05957 6.771759 3.551357 1.85245 1.959259 1.417853 0.9554377 0.973665 0.7492684 0.5261096 0.5711975 0.6079311 0.7295445 0.07941202 0.001145942 0.01784476 0.1192894 0.2150118 0.1970231 0.08062556 0.5459134 1.31277 3.248003 3.468245 6.45061 12.10346 16.14942 16.78232
7.503367 6.706304 7.443684 5.90493 6.575207 12.2766 13.90154 10.97076 4.664804 3.349329 12.76497 17.03013 14.34511 10.49665 7.467037 2.472819 8.163529 16.137 10.5113 10.65125 11.77245 3.844781 3.235594 4.23227 7.071853 6.116026 1.672083 0.5293136 0.7848284 0.8199434 1.068237 3.007736 12.0639 6.4671 9.167094 8.37606 2.207234 2.514206 4.102574 3.929447 2.565509 3.534666 3.636475 1.488022 0.5167025 0.956068 0.4908189 0.4969597 0.6474914 0.8122305 0.6285303 0.3397601 0.2833266 0.1459162 0.8040911 1.619024 3.651572 6.360228 9.103469 11.37234 13.74925 7.102555
7.146561 6.906595 7.322682 9.329935 9.09307 7.383388 9.873718 13.01764 8.511527 12.68587 12.08136 15.39474 13.31438 9.470154 7.717975 2.163503 5.140294 12.85277 12.94818 9.912416 9.975295 3.563642 3.55166 4.444864 4.385607 3.271564 1.01436 0.4693851 0.3242412 0.4841392 0.3431519 2.23688 8.085224 11.62787 8.814349 7.973471 0.7453761 5.122977 5.814186 8.862394 11.46401 10.09179 7.148104 2.182207 0.1285015 0.653663 1.027712 1.24371 1.449882 1.22032 0.9378947 0.4659056 0.4121252 0.02950873 0.6140552 2.024261 3.808426 9.747341 8.618542 2.545008 12.57581 18.14722
11.28822 12.78175 10.8485 4.806693 5.182433 9.220413 7.087 5.568446 9.736786 13.11489 11.45342 14.5122 14.12769 8.929389 7.111032 1.958322 1.732173 6.786355 9.893452 8.844147 7.572855 5.077055 4.140071 3.252617 2.07961 1.961178 0.2459978 0.1788706 0.01865428 0.00114616 0.03809209 0.6689318 2.296633 5.848346 7.052042 4.859042 1.824 7.376303 8.252056 12.69576 13.36307 10.9595 9.296657 4.335993 2.255481 2.206934 4.647377 8.003977 8.709081 6.342629 3.155312 0.8133318 0.2561234 0.570594 0.7494491 2.514999 4.304698 12.27907 5.890387 6.734629 7.94876 9.337806
8.300777 11.91388 11.33174 9.255076 9.320762 8.42458 9.009257 8.412528 7.545176 9.458449 7.765183 11.54349 11.83095 7.484957 5.041084 0.9131306 0.1014072 1.377419 3.467611 3.670851 4.041278 3.347122 1.743243 2.310242 2.194726 0.6549608 3.858627 4.149328 2.621117 1.349697 0.4678609 0.01804717 0.06215023 0.1211402 1.228859 3.027712 9.286782 13.06667 10.22138 7.280227 3.864933 10.14602 9.142924 10.98811 8.712005 5.726525 11.30671 13.64225 11.46348 8.88284 5.033753 1.465301 1.73479 1.164856 0.6521892 2.276719 3.658414 11.50384 6.457861 7.225152 3.411488 4.014109
5.262895 12.99328 16.39689 15.46943 13.39025 12.10699 11.24834 12.3676 14.27409 16.41274 14.73057 16.32199 16.5668 10.89722 4.322221 0.2693537 0.5870311 0.7742954 0.8791972 1.808024 0.8401977 1.740414 1.801588 0.8954845 1.038623 5.164924 5.467721 5.001097 3.602304 2.136037 1.059665 4.580786 5.754138 4.17685 5.329052 10.77774 14.72193 12.11782 6.716659 3.528932 4.660007 6.761372 11.13541 14.0604 13.66989 11.17931 16.39272 10.01575 10.60183 9.999043 5.818907 10.52864 11.43773 7.290743 1.787523 1.213097 3.06072 9.297935 8.438952 6.03661 5.652785 1.868708
5.70506 11.47176 17.6549 15.92448 11.13227 8.706523 5.752028 5.312957 8.669768 10.92343 11.08674 12.77441 17.0121 14.06951 5.865508 0.4328138 1.284509 0.9503199 1.306927 2.982807 4.283074 4.28348 4.758257 5.074902 3.814806 5.41158 2.279501 2.43957 4.543342 3.70132 3.588347 7.320266 6.334424 7.226911 7.549839 9.095489 7.386295 3.797645 4.637256 7.762269 9.776937 10.00818 12.69831 12.18358 12.35141 9.219639 9.542604 4.188145 11.65888 6.253675 8.443354 14.28905 13.97624 14.03401 5.918527 0.9930656 2.53785 6.993578 4.019872 4.581254 4.599659 2.27555
