Data/dj/flowtable/dj.slope
ncols         602
nrows         680
xllcorner     419115.19009
yllcorner     2472406.72893
cellsize      500
NODATA_value  -9999
[rows 588 to 615 of 680, columns 186 to 247 of 602]
0.6626244 0.2903512 1.003495 1.073773 1.359776 1.207955 0.812506 1.115657 3.017759 4.910463 5.276946 3.713504 1.305219 3.067857 0.4711579 2.819509 2.066021 3.0499 1.052847 0.7508221 2.076402 1.360528 0.8840504 1.333945 1.295013 0.9777176 4.258288 6.821234 4.930283 5.222842 1.530393 0.8838093 0.6046179 0.9543853 1.065308 0.8383619 0.4883584 1.012346 1.594005 1.259955 0.6336891 1.092533 1.088432 0.9311978 1.296452 0.8715094 0.9127545 0.334209 0.5896432 0.0008103032 0.2476992 0.165675 0.3904159 0.4718163 0.180622 0.3489124 0.3705002 0.3336309 0.1930601 0.131819 0.6809899 0.3460754
1.165457 1.003322 0.1675356 0.3059342 0.6407399 1.137675 0.8333774 0.7957314 0.5673472 1.805862 3.244307 4.653281 1.433384 3.585639 1.073697 2.980956 2.102587 1.219113 1.472256 1.339105 1.767851 1.282559 1.922105 2.269057 1.422922 0.8595441 2.123671 3.003568 1.911845 3.317861 1.789751 1.03076 0.3880143 1.191773 0.7391967 0.7961902 1.961888 3.709095 3.869694 3.872882 2.010338 2.258367 2.63473 2.678501 1.708932 1.169578 1.29811 1.326262 0.7823243 0.02148783 0.1413945 0.3613115 0.2444986 0.2899026 0.2373846 0.2582493 0.2085589 0.3197955 0.1130115 0.2571242 0.6434936 0.1037677
1.183742 1.844316 0.8870102 0.2522109 0.378735 0.6060579 0.5042443 0.4878275 0.8225421 1.421758 1.883995 4.4017 2.004738 3.517712 1.518342 1.002713 3.818896 5.180657 5.255211 3.222001 1.571981 1.462269 1.914974 1.191842 0.3976148 0.6236488 1.955906 2.410535 2.585945 2.633149 1.159403 0.1838831 0.8367485 1.041115 0.4771714 2.297937 3.463667 2.230598 1.389918 2.882694 2.808237 2.409261 2.369614 2.369138 2.35028 2.113945 1.551506 2.146118 1.589352 0.6783438 0.2545458 0.2176046 0.485189 0.1742578 0.07303803 0.3405135 0.4778702 0.2550358 0.08860695 0.3947428 0.298453 0.2024044
0.7463662 1.648137 1.04677 0.4612807 0.7040959 0.5970219 0.5137067 0.4785634 0.174329 0.7936975 1.738867 5.020708 1.890942 2.604875 2.208251 1.662148 5.098505 4.231019 4.219304 4.585737 3.850713 2.914579 1.080133 0.4724624 0.6295856 0.670865 1.092028 2.216877 2.206364 1.055228 0.08933198 0.02752581 0.4063932 0.7634351 1.054022 2.763831 1.14074 1.863987 2.510275 0.2562328 2.414268 0.9337243 1.358332 1.021823 0.8147749 1.837417 1.313362 1.13861 1.280263 0.5806109 0.3707145 0.2868662 0.5581388 0.2843198 0.3485123 0.4913376 0.06552821 0.1921325 0.2797489 0.5942249 0.3437707 0.2505651
0.162765 1.51816 0.6251811 4.273207 5.065424 3.685105 0.6470923 0.8334329 0.6569208 0.8985026 2.324062 4.071209 3.025117 3.339401 0.9442092 2.534054 3.394472 6.690514 5.049142 0.6984689 2.672384 4.556273 1.17045 0.246437 0.9831538 0.7264283 0.245694 0.0537195 0.0424926 0.01865412 0.03890206 0.07011645 0.06124479 0.01864642 0.8521276 2.674726 2.681556 1.165848 1.652825 2.40569 1.690705 0.7818867 1.253943 1.399956 0.4447259 2.684375 0.8142712 0.7823485 0.6520309 0.6094573 0.461082 0.4220854 0.6425288 0.5454231 0.8803583 1.113008 0.9459576 0.768034 0.6125488 0.7025141 0.3459599 0.4371325
1.956599 2.347807 1.682712 5.331737 2.79334 5.344534 2.219473 0.06329626 0.4449123 1.92036 2.300688 1.441513 2.439388 2.220254 3.225618 3.29581 1.792578 3.180707 3.806647 4.732397 4.161242 4.979112 1.708608 0.8442015 0.146167 0.9387218 0.5688186 0.02722149 0.01965882 0.001145942 0.001145942 0.001145942 0.001145942 0.001145942 0.07920942 0.6704912 1.697577 1.410666 1.82166 2.965831 2.287639 1.783682 1.338814 1.996855 1.41046 2.105986 0.7303412 0.6086354 1.122722 1.341834 0.7497882 0.5953797 0.6107214 0.6961154 0.9114934 1.215413 0.8997161 0.6352239 0.3374683 0.1463122 0.5993843 0.6180348
1.625268 2.487703 1.724142 5.017147 3.211139 4.762584 2.332747 0.3140804 0.2626893 1.990393 2.616603 1.490593 1.936523 1.495393 1.874801 1.316107 0.3148377 0.580438 1.138266 2.869085 3.604643 2.250632 0.668559 0.5252271 0.2371714 0.8995433 0.5502771 0.08787587 0.09964551 0.03971219 0.001145942 0.03971219 0.05614982 0.03971219 0.001145942 0.001012902 0.707343 1.420678 1.354258 1.421027 1.6869 1.68094 1.520917 1.601433 1.685728 1.115657 0.4176038 0.4036135 0.5454231 1.076032 0.7448032 0.6353314 0.6341222 0.5301644 0.53632 0.6150727 0.8712244 0.5736544 0.366867 0.5704268 0.6069518 0.472622
2.03156 1.589614 1.440102 2.864691 1.024829 2.641582 1.568292 0.8867956 1.134359 0.2018077 2.371298 3.057665 2.644406 1.103507 0.81769 0.294974 0.7698255 0.2533832 1.447452 0.3065429 0.1615841 0.4923748 0.5450468 0.6622884 0.5502911 0.6092589 0.3334658 0.06917048 0.06972355 0.06176857 0.3866887 1.122746 1.249888 0.7478077 0.001145942 0.001145942 0.001012856 0.000810226 0.1000718 0.3265634 0.3901872 0.3701257 1.290329 0.9756176 0.7713214 0.3340851 0.2664388 0.8502541 0.8087103 0.3935455 0.4249867 0.4659388 0.7626509 0.2878769 0.4527723 0.2181748 0.9310846 0.7624949 0.5659398 0.4552007 0.268719 0.1697716
1.952253 2.405869 1.602134 1.517983 0.9468945 1.081841 1.563676 1.321921 0.8286609 0.933083 0.2808384 0.0729824 0.1730764 0.9157276 0.8096431 0.2365132 0.4628376 0.6495287 0.9996743 0.6149076 1.420807 1.468863 0.7230017 1.162288 0.6687645 0.3058199 0.1134487 0.08066547 0.05915073 0.07163677 1.558419 2.147882 1.72355 1.190652 0.01905881 0.09987622 0.1264229 0.07961447 0.1409484 0.0795947 0.2618413 1.17036 1.562666 1.316637 0.9580103 0.9033563 0.360663 1.102901 1.096373 0.5255004 0.3297583 0.371866 0.4385008 0.3144719 0.459233 0.9554377 0.9972492 0.7468495 0.5957854 0.4249477 0.1509809 0.07515821
1.040124 1.518928 1.294335 0.7713214 2.128374 1.8392 0.7640966 1.397963 1.388876 0.5492771 0.9113724 1.162137 0.721013 1.575305 3.419795 3.933544 2.352979 0.7611433 0.448338 1.658243 2.17262 1.478419 1.322541 1.461586 0.5078324 0.1902788 0.1078152 0.1292713 0.1086364 0.04572903 3.085466 1.599925 3.044063 0.9486005 0.1422031 0.6639233 0.8259774 0.6630745 0.0443131 0.2537548 0.4705567 1.174399 1.232002 0.9078858 0.3646232 1.246069 0.7657163 0.7505646 1.062943 0.2900353 0.3449621 0.4297103 0.5844529 0.6999065 0.8137068 0.8843101 0.8151877 0.6663029 0.4348136 0.4626972 0.2987909 0.9109099
1.777826 1.603832 1.404613 1.304434 0.6804987 0.6857419 1.340195 1.729546 0.5679766 0.7177858 2.26246 1.681085 1.352266 2.673891 4.780594 2.405869 4.045786 0.9310846 0.3353111 1.938026 2.037703 1.203041 2.218319 1.482924 0.4075714 0.06354664 0.07904013 0.04502464 0.119335 1.053971 3.213789 0.4607716 3.224204 0.7029918 2.243069 2.699742 1.680786 0.8902871 0.1686089 1.112324 1.401421 1.199621 1.146657 0.4728964 0.5916116 1.014571 1.04563 1.406821 1.296032 0.7159309 0.6869999 0.9053234 1.011563 1.104369 1.06029 0.8432873 0.5619542 0.4189067 0.4014647 0.2294214 2.461636 5.374533
1.409122 1.063328 0.9830856 3.542788 4.16292 2.615801 1.766209 0.3462688 0.1207325 1.119679 1.925689 1.257016 1.108095 2.906707 4.05757 2.961551 3.826659 0.9112098 0.5250555 1.195048 2.914104 2.094774 2.625212 0.7294763 0.1453289 0.3515674 0.3731729 0.3224505 0.0807659 1.289671 1.766431 1.426933 1.189571 1.688773 3.04668 1.612275 2.763526 0.7991812 0.5762321 1.349032 0.7910154 0.2181748 0.6922739 0.9783467 1.757904 1.809272 1.114093 0.5128555 0.489666 0.3011409 0.3501831 0.4454381 0.3203928 0.4550866 0.3607317 0.04548072 0.05729863 0.1586256 0.4533904 1.427733 2.394308 3.734041
0.4369075 0.5000388 2.596649 3.215526 2.649935 4.727681 4.118823 1.954334 0.8098564 0.6161528 1.621157 1.685242 0.5801548 2.656237 2.860404 1.764487 3.143419 0.882583 0.5430863 0.2230306 1.180856 1.916033 1.342237 0.1618215 0.1105451 1.350124 1.380385 1.321893 0.5156484 0.5958685 1.377123 1.278556 1.993159 1.833734 1.115473 1.844238 2.273481 0.5677375 0.4783572 0.7908858 0.7431489 0.9184425 1.231709 1.621877 1.159918 0.4746286 0.3620938 1.28623 1.94303 1.418799 0.5113691 0.5723341 0.1489582 0.3540363 0.7011067 0.6411932 0.3756039 0.2315582 1.342143 1.624576 0.4880411 3.926042
0.08353887 0.248961 1.672395 3.704978 3.68172 1.223652 4.271358 2.394176 1.263716 0.3783967 0.1867177 0.3729684 1.612275 2.757154 3.896043 2.584343 4.336087 0.9995089 1.095696 0.7090674 0.3624561 0.2533667 0.1429527 0.1981071 0.1156559 1.64824 0.4311033 1.114553 0.84247 1.107436 0.5280086 2.207045 1.62614 1.642366 1.394968 1.479426 0.870989 0.2639013 0.1096147 0.4096684 0.07303803 0.2035806 0.5724805 0.5098466 0.1922398 0.1475295 0.5453479 1.646489 0.7701826 2.041295 0.7951337 0.3854336 0.08102842 0.3655226 0.4294243 0.2900215 0.4174958 0.1049155 1.244935 1.200377 0.9517945 0.7534238
0.1094292 0.2752283 0.2166706 0.919331 3.796155 3.970327 3.883461 1.972393 0.9933257 0.4168865 0.3588153 0.6615698 1.730361 2.726867 3.918171 1.944042 3.565359 2.082023 2.129486 1.257646 0.5833497 0.3735175 0.4721845 0.5135031 1.830357 1.975591 0.4937984 0.5573293 0.7757182 0.5166021 0.5802538 0.9296297 1.93786 1.413854 0.3098713 0.5062203 0.3035704 0.3260549 0.1667984 0.4327842 0.0905925 0.4802149 0.5123274 0.1740705 0.1012863 0.0836699 0.4372826 1.606161 2.364735 1.607712 0.1095032 0.2944171 0.5559437 0.4723239 0.2083818 0.2312497 0.3623655 0.6921554 0.6683932 0.8653187 1.308827 3.389354
0.5588163 0.2287627 0.3506502 0.4628108 1.417654 1.979235 2.138411 1.283614 0.4484653 0.3692529 0.4480811 0.6171172 1.928999 2.587113 2.276714 3.205343 1.644745 0.5528945 2.073743 1.18801 0.478074 0.6887982 0.6993846 0.326909 1.87788 0.6767639 1.067529 1.017196 0.7790904 0.7824112 0.3469666 0.2897526 0.442163 0.8698061 0.6892745 1.263362 1.551506 1.159781 1.078084 1.186579 0.7824112 0.6093763 0.3718555 0.05657976 0.06450704 0.1670932 0.04051423 0.2864765 0.3532142 0.3311388 0.6011752 0.7875122 0.7792588 0.8744767 1.31981 1.675057 1.661073 2.504291 4.666987 5.53305 6.289434 10.60065
0.6459508 0.4707234 0.6105199 0.2439099 0.7214224 0.842499 0.3666881 0.2228272 0.401064 0.4899423 0.5752547 1.281215 3.586392 2.059472 1.342237 2.042995 1.980374 2.744662 2.235867 0.8153336 0.08347328 1.386071 1.308715 1.005638 1.843 2.377961 2.941671 2.59501 0.6158727 0.9622655 0.9117229 0.2262991 0.3495235 0.5304506 0.5175623 1.242285 2.980337 4.435237 2.886592 0.8247834 1.430191 0.5455173 0.3227997 0.1850251 0.1729417 0.04031627 0.1583684 0.3449621 0.3912238 0.9139653 1.305847 1.377219 1.255903 0.8953742 1.438096 2.69153 3.905192 6.813201 10.08002 10.09298 12.54512 19.24134
0.6170706 0.7982433 0.9656867 0.9319654 0.6594948 0.3065429 0.1182224 0.1745403 0.2755245 0.4422743 0.4893896 2.98953 3.825682 1.275206 2.259977 1.074258 0.8914714 0.853865 2.037034 1.60514 0.7739869 0.9909774 0.5996778 1.504421 2.395683 5.521966 2.134577 3.731317 0.9310846 1.30961 1.675485 1.721337 1.790426 1.110121 0.608824 1.180634 2.869398 1.076554 3.474537 2.027396 1.193985 0.2220183 0.1579275 0.05729863 0.1407903 0.3665093 0.6995313 0.801321 0.5957582 1.288938 1.307103 1.895487 2.105111 2.232395 3.682052 4.921002 8.202469 15.31719 17.16917 16.29399 18.54292 22.38932
0.8165352 0.5207945 0.5156481 0.5671808 0.858417 0.9722483 0.4176038 0.1921752 0.3394344 0.1181181 1.041428 4.468589 1.563482 3.830956 1.728674 0.3915595 0.5842844 1.738867 1.320717 1.934088 1.243476 0.5472706 0.5929971 0.933153 2.906218 3.573594 2.383292 2.228355 1.858153 2.667863 3.248901 2.299353 1.556123 1.544953 0.5467231 0.8020885 3.167562 4.602526 3.64518 0.4273164 0.889099 0.9037672 0.7283425 0.78933 0.7459168 0.8899103 0.749279 0.6898992 0.4382199 1.844651 3.271959 4.867698 4.933043 4.773466 3.977628 2.506444 7.831064 13.9894 11.02224 9.900398 10.17638 12.2065
0.4456476 0.9153107 0.2664388 0.1297086 0.3651854 0.8155298 0.8747113 0.5068202 0.2707477 0.5845863 2.267105 3.72995 0.6154997 3.277374 2.931162 3.902612 3.248272 0.814941 1.133422 1.434482 1.595278 2.562217 4.713145 3.42267 0.8195692 2.45945 1.426816 0.2757038 1.588712 2.611672 3.122873 2.852744 1.034402 1.316431 1.19211 0.872918 0.6510422 0.2636055 0.4965969 0.9730917 0.6635262 0.831471 0.7608901 1.10946 1.217002 0.8617557 0.3651854 0.5064147 0.4903609 2.372791 3.691074 2.127947 0.2949455 0.3651967 0.9287955 2.03084 7.985671 15.10295 15.24425 13.59874 14.5138 17.77231
0.5528945 0.6123986 0.1432392 0.1633177 0.669681 0.735614 0.6033687 0.3373732 0.2705047 0.2919825 2.724216 2.324731 1.409134 0.9408932 3.596653 2.072149 2.50644 1.053162 0.989395 1.095561 0.669681 5.38729 2.393492 3.674982 0.5399649 0.9524322 1.102618 0.4974315 1.361197 3.504551 1.938238 4.79488 1.426554 1.260363 0.7901801 0.3605037 0.6074072 1.316306 1.879204 1.446627 0.4260856 0.3539564 1.01275 0.9694724 0.7126741 0.5455284 1.191388 1.976128 1.758204 1.289402 3.432813 3.293805 3.42082 2.933878 1.545895 0.909935 3.562993 8.968821 13.6772 15.6188 14.96098 15.42613
0.9933257 0.5600027 0.05672279 0.2706564 0.6913843 0.3924709 0.2637147 0.3142124 0.3643991 0.3350185 1.891874 2.087727 0.6043055 1.204397 2.295075 2.744588 3.200367 1.292004 0.8844308 0.7497442 2.034947 4.093084 3.373148 3.249097 0.4343833 1.198909 1.566451 1.93372 4.394201 6.339796 5.602034 7.399242 4.005675 2.194872 1.145988 1.70927 1.872213 1.594249 1.882689 1.94474 1.487289 2.290898 4.819235 4.867442 3.08276 1.154563 2.879642 5.070331 5.430584 2.558503 1.920185 1.219177 0.04520603 0.4678461 0.6328534 0.9948242 1.459839 2.312404 2.740112 2.004227 4.89849 11.15353
0.9431964 0.6354539 0.2065424 0.237345 0.7135774 0.7387084 0.4763031 0.2845658 0.4130793 0.6158476 0.5108041 1.826643 1.037893 1.40384 2.443514 2.0099 1.504925 0.6733468 0.4071562 0.3732759 1.23167 1.996677 1.704588 0.2720929 1.08038 2.997413 5.154415 8.006149 12.2139 16.19656 16.35187 15.01409 7.862932 6.437848 5.417164 5.482777 7.513515 7.892604 5.692482 4.480715 7.62173 12.93865 12.03189 8.264328 5.124384 1.133248 3.729984 5.105884 5.238165 5.072506 2.577178 2.479642 2.179217 2.190928 2.157541 1.840817 0.4336274 1.73981 4.641114 6.857613 6.048653 7.089099
0.6733469 0.4130793 0.3303433 0.8704143 0.8429857 0.3588153 0.2900353 0.6015837 0.6434354 0.4125627 0.3142642 0.9234138 0.8306862 0.6087708 0.6439968 0.8987861 0.7564287 0.6733468 0.6360602 1.513436 2.561179 2.918414 1.723445 0.3201654 0.4089879 3.482495 7.286289 10.24215 11.54953 10.18399 7.535365 15.37744 9.091368 10.49777 10.22219 6.665683 10.02361 11.295 9.870982 7.759819 13.17535 11.8855 7.17283 8.400932 5.422112 3.826325 6.076464 5.925311 5.905992 5.934315 5.5751 7.445408 7.535753 6.757661 6.49451 5.460966 3.826557 3.118879 5.086643 4.81797 2.126117 5.929406
0.6989858 0.5078712 0.5260311 0.6308788 0.5393714 0.7757182 1.077807 1.488361 1.695789 1.871447 1.734147 1.294018 0.8134496 0.507072 0.2816232 0.05629495 0.07360245 0.4374328 0.5653477 1.237526 1.459488 0.1719772 1.870374 0.8169108 0.8815246 3.657196 10.62065 11.67649 5.169611 4.31492 5.613204 8.872432 7.680446 7.652016 9.87833 8.826083 10.2712 6.43486 8.321299 7.772785 9.194948 1.589614 6.384493 9.157227 8.120439 9.01199 10.70972 7.359348 7.629492 6.068171 8.526679 9.612536 8.852254 6.929195 4.593139 4.453693 4.657693 3.019926 1.730243 6.942771 8.030826 9.289516
0.9786236 0.3374708 0.1233204 0.4172893 0.3651854 1.348942 1.16317 1.048959 1.470656 1.570024 1.145763 0.4570117 0.3805911 0.6332165 0.3813464 0.2835118 0.5828012 0.7373295 0.4531166 1.188517 1.080719 2.290102 1.177583 0.9769124 1.336849 5.636809 15.78291 13.58932 4.390308 2.447434 1.191388 1.859678 2.072655 2.893936 5.670919 11.89777 8.860511 5.665283 4.483569 5.733799 5.250961 3.09183 4.578278 8.243321 8.136847 5.982072 2.496705 3.321466 6.86395 4.006667 7.555026 9.706693 4.914681 6.874352 3.524996 4.040759 2.624567 3.321466 5.705805 5.856802 6.967299 7.386221
1.232895 0.6090735 0.08143374 0.6095245 0.6680496 1.256795 2.025071 1.764487 1.571981 1.614846 1.691954 0.8601174 0.5345425 0.6534263 0.163067 0.668897 1.062121 1.090499 0.8949665 0.7906214 0.9793867 0.2687892 2.36783 3.630872 4.258266 8.971828 19.68901 12.84127 7.770518 5.841383 2.568296 1.233812 0.2179112 1.990108 5.910956 8.887536 4.374374 6.164418 6.137286 7.223718 5.483573 4.966368 2.004738 3.438385 4.173478 1.520142 5.493044 6.422872 3.359801 2.273749 3.830112 12.19888 3.615498 5.381491 6.317373 7.524368 4.805339 6.330942 5.815766 3.995837 3.805577 3.063279
0.8904907 0.5625834 0.2448501 0.6072855 0.7258391 0.3043129 1.197551 1.896999 1.865657 1.073502 0.3031653 0.3370205 0.2628111 0.4094375 0.5831105 1.012754 0.7337039 0.5929971 0.2822195 0.2150492 0.6534451 2.171935 3.196292 5.2134 7.05225 11.03297 18.15148 10.48979 7.455504 10.20291 5.654267 1.963872 1.392322 2.459457 5.531426 5.155457 3.408621 6.346106 6.84318 4.115562 0.7361879 6.405917 2.697376 2.213881 2.868756 3.941053 4.178698 1.305847 1.069674 2.710962 3.207765 8.774481 6.87681 6.820762 0.7317442 9.51081 11.8975 6.857725 4.354881 1.390063 0.4640913 0.4085077
