Data/dj/flowtable/dj.slope
ncols         602
nrows         680
xllcorner     419115.19009
yllcorner     2472406.72893
cellsize      500
NODATA_value  -9999
[rows 364 to 391 of 680, columns 0 to 61 of 602]
1.102499 1.336942 0.3012772 0.520448 0.3247428 0.9060134 1.445813 1.742634 2.138775 1.340195 1.566775 1.646982 1.94514 1.230605 0.4937306 0.3247428 0.5262651 0.404124 0.1143082 0.9426668 0.776305 0.5640907 0.6023334 0.8811914 0.3057474 0.9325171 0.9978665 0.3543503 0.8782339 0.3435466 1.060567 0.4039203 0.5874166 1.054701 0.9859576 0.5391493 0.1908254 0.2755245 0.9255479 0.6993494 0.9352607 1.418432 1.775139 1.803412 2.755373 2.783858 2.54533 2.755373 2.375722 1.219496 0.2597006 0.9276552 3.801296 4.860805 4.298638 4.032175 2.340476 1.847648 1.561514 0.2189447 0.3651972 2.454852
0.4891383 0.790471 0.5709309 0.8875515 0.401064 0.920673 1.21715 0.9777176 1.491665 1.913662 1.021919 0.9798131 0.9091693 1.266541 0.4476158 0.3038539 0.3583579 0.7070394 0.3478533 1.584976 1.553091 1.62835 1.683904 1.182803 0.7226365 1.369966 0.602627 0.3395672 0.7575413 0.7138145 0.8353314 1.361718 1.428344 0.9723092 0.3021291 0.504836 0.3900508 0.2982191 0.6934345 0.727245 0.7878975 1.053251 0.7468495 0.83666 0.952208 0.8660673 0.5227605 0.8512957 0.8876258 0.9448609 0.7607821 1.033795 2.343273 4.747244 4.159934 3.419427 0.692582 1.707303 1.755755 1.067428 0.6917285 1.66242
0.8140951 0.2634972 1.07459 1.408843 1.012629 0.9519452 0.6169908 1.707351 1.819938 1.665179 0.5898753 1.223485 1.13226 1.215919 0.5502911 0.5454231 1.244765 1.155284 0.6811255 1.749651 1.465125 1.299021 0.9949135 1.28227 0.7714645 0.787797 0.5998761 0.8933101 0.8202947 0.5875158 0.3317288 0.459454 0.3565783 0.08111597 0.09867723 0.1811202 0.2870381 0.2522458 0.4108258 0.7827814 0.8154945 0.4346568 0.2228273 0.6043055 1.096276 1.307573 0.9844074 0.8511127 0.3991055 0.3647477 0.4861595 0.6282721 0.6160724 1.779877 2.676155 1.26795 0.6993494 1.002697 0.9150866 1.282754 1.033275 2.254847
0.4010643 0.4881471 1.086256 0.5955241 0.6494648 0.3144719 0.1181181 0.5052006 1.304819 1.423364 0.8200146 0.8822528 0.9933257 1.173012 0.6596314 0.8501918 0.8112676 1.352369 1.034068 1.227158 2.045087 2.279866 2.008371 1.240977 0.9332973 1.320465 1.27068 0.6422558 0.4602536 0.5168487 0.3671578 0.001012879 0.027502 0.001145942 0.08205202 0.1732937 0.5895064 0.6687801 0.3486151 0.1047598 0.06267048 0.1089752 0.1728867 0.02864789 0.1430386 0.6078058 0.7171793 0.2813458 0.07259282 0.1577225 0.2665008 0.5650064 0.5711174 0.6326414 0.142437 0.8314276 0.5688422 1.204534 1.663701 2.254028 2.266529 1.865306
0.3243133 0.7822959 0.8589426 0.2870095 0.9439668 1.476527 1.033284 0.8031233 0.809676 0.4605732 0.5266702 0.8707228 0.8940088 0.5414569 0.4664446 1.14301 1.498118 1.204964 0.5365697 0.1661964 0.06349883 0.3689251 0.4778427 0.4239644 0.3825742 0.1167497 0.1291392 0.1219483 0.1008811 0.1705992 0.05814114 0.3074989 0.8160538 0.8788652 0.4457254 0.4309493 0.8369102 0.7461884 0.9828885 0.7516407 0.6750255 0.4829159 0.3977869 0.3297583 0.1921752 0.07359996 0.3644208 0.4561767 0.2592264 0.2725296 0.4014939 0.5101858 0.489123 0.2228275 0.15268 0.54835 0.7184477 0.4623673 0.4330016 0.7941212 0.7446159 1.146121
0.5719424 0.5079277 0.5471731 0.2734329 0.5323104 0.4249656 0.6467742 0.9101514 0.6295662 0.2195477 0.2390824 0.3760261 0.3806973 0.2662523 0.1815622 0.1278772 0.08207753 0.01642825 0.001145942 0.1185067 3.065288 6.32293 7.086005 5.889947 5.480687 4.806948 4.249914 5.406168 5.559731 4.207694 2.559523 1.316959 1.205585 0.9919159 0.7030403 0.2965519 0.894621 0.3856038 0.4589419 0.7165772 0.8635296 1.261319 2.925249 3.635926 2.673764 0.6070831 0.3434735 0.1032126 0.2751234 0.1908688 0.1350748 0.117529 0.1032126 0.1734101 0.3233012 0.3151236 0.2641186 0.5929971 0.7536085 0.528226 0.3368618 1.597332
0.4258737 0.3496877 0.206582 0.5631549 0.2550518 0.2308841 0.5335088 0.5504255 0.2349215 0.1961184 0.2257422 0.14266 0.07013172 0.08251382 0.05753588 0.0254966 0.001145887 0.02320477 0.001145942 0.1795672 4.708184 4.868917 2.899668 3.439928 2.950901 3.230929 5.375195 7.271727 8.60414 8.979262 6.463356 4.729782 5.918445 5.319833 2.845865 1.802986 1.303953 0.4521475 0.1010847 0.1428112 2.189028 4.422507 6.286458 4.871704 4.844892 1.146657 1.818618 2.177028 2.018877 1.439956 0.6586119 0.1276048 0.2659315 0.5466933 0.7186428 0.6076908 0.3912238 0.9415988 0.962845 1.269262 1.122857 0.6461143
0.1032913 0.1188136 0.2549549 0.2535425 0.2224224 0.2571131 0.2100006 0.0554427 0.03849706 0.001145942 0.001145942 0.09987076 0.1400926 0.09996133 0.02494999 0.2813694 0.4638805 0.4108797 0.1174939 0.2056175 3.811534 6.40957 6.43859 4.735581 4.160913 3.654461 4.224129 3.684379 3.166348 5.822151 8.832566 8.477473 9.422465 10.59525 8.375164 5.568341 3.469591 0.9934093 0.1610438 0.3642085 3.67374 4.881513 4.659395 4.522613 6.2809 1.199108 2.027497 3.889757 5.92357 6.145524 3.961531 1.218941 1.488452 1.414414 1.140906 0.9494081 0.8859323 0.8517002 0.5112529 0.3496877 1.853847 2.817009
0.2071779 0.3018283 0.3446797 0.1209355 0.04092139 0.0575851 0.02865362 0.001145887 0.05443099 0.001145942 0.001145942 0.1412338 0.001145887 0.1140184 0.09926309 0.4324983 0.5384783 1.037484 1.311616 0.6383494 0.9945627 1.838516 2.603423 3.31519 2.733854 2.927081 5.820705 6.861134 7.499972 4.16429 2.192131 2.939655 2.352777 3.478824 7.103121 8.144452 7.853185 2.498102 0.1610448 0.1817075 3.5583 6.154083 5.595123 5.701545 8.363851 2.033986 1.629271 2.723129 2.409941 3.260388 4.994305 0.6851432 2.509871 2.734134 2.3771 2.233587 2.409431 2.067016 1.46325 0.3322377 3.231751 4.162053
1.561591 1.310031 0.0196588 0.01905893 0.02721701 0.01884891 0.02782534 0.05558869 0.03849706 0.001145942 0.001145942 0.09987076 0.1400926 0.09996133 0.1980067 0.7053041 0.9500256 1.191496 1.337174 1.33584 0.8149978 0.1676827 0.370996 1.11109 1.276205 0.7419252 2.170038 4.188359 6.530985 8.537534 7.975453 7.235874 8.053364 8.328773 5.990482 4.705949 8.094987 3.026366 0.001145942 0.001012879 1.678473 5.738489 9.82139 1.438524 8.683459 5.104805 2.725141 1.541098 4.525586 4.889491 4.368149 0.4864295 3.623417 2.996959 5.567245 8.243636 9.138694 8.864905 7.978862 5.181023 2.770696 3.496327
2.624047 2.093607 0.1995318 0.8614706 1.053147 0.8637735 0.9829535 0.8618344 0.3109881 0.07880429 0.001145942 0.001145887 0.1401813 0.6191382 1.261289 1.257825 0.3850821 1.028859 0.4101683 1.110313 1.052956 0.8963819 0.3478786 0.493831 0.5184417 0.6597215 0.7874042 0.7191385 2.033247 4.462321 6.751893 6.390116 5.767466 6.81434 8.493568 9.035475 6.583954 1.860882 0.001145833 0.1821126 0.3568003 3.165649 10.08088 7.860373 4.206539 2.969519 5.277468 3.806885 0.6447095 0.925827 2.227657 1.066594 3.983957 3.113238 3.438028 3.951128 4.266779 7.735449 9.32864 9.693645 3.904408 0.9877352
1.621402 2.525991 0.2362022 1.089472 0.6682118 1.927719 2.542374 2.244852 0.7396562 0.1117281 0.001012879 0.01885652 0.3216685 0.8221667 1.302738 0.6728087 0.8993696 1.409765 0.6692766 0.5905704 0.5328354 1.049569 0.4996969 0.2013565 0.1143049 1.071975 0.6300074 0.1088634 0.2757333 1.046128 2.223613 1.992361 1.425729 0.7089629 0.8795052 0.8282565 0.494896 0.01865419 0.001145833 0.2563995 0.1532682 0.6982233 4.406781 6.60998 4.150961 2.80131 2.879571 6.114915 3.578066 2.857992 3.661579 2.480289 2.531337 2.875947 4.184546 6.690883 6.514843 6.508068 1.556255 9.428868 11.20089 9.588991
2.823924 2.40097 0.4567693 1.11434 1.662513 4.348242 3.979938 4.173936 1.311826 0.2929208 0.0008103032 0.09940188 0.7698212 1.805632 1.956647 1.294145 1.782562 0.7525625 0.7241585 0.5255004 0.2717757 0.4798561 0.5254325 0.4675618 0.06037165 0.8824102 0.9901042 0.8756586 0.7898685 0.4629172 1.358341 0.7505646 0.3010047 0.5314245 0.6196848 0.5339031 0.4065672 0.01966613 0.001145942 0.1804921 0.3235424 0.28534 1.116998 3.445217 2.890061 5.21382 3.476182 2.998664 2.554318 3.178715 3.715419 3.845895 1.235549 1.929411 2.004534 2.715893 1.101412 7.133752 7.074561 2.63633 2.685073 6.629519
1.858528 1.904039 0.5264524 0.7655931 4.691103 5.544525 3.320114 4.935252 1.136861 0.3982009 0.001012825 0.973429 3.320832 6.233039 5.639835 3.759857 1.425122 0.8758268 0.5558256 0.3784287 0.5930248 0.5113092 0.1808223 0.7164498 0.7333515 0.2173926 0.4515983 0.4221612 0.6597686 2.713436 2.481385 2.247241 1.045555 0.2025703 0.4445506 0.5180308 0.3683518 0.2011517 0.001145942 0.001145942 0.1397762 0.1976696 1.562954 2.216719 2.998664 5.120494 6.194717 4.27898 1.775831 1.820276 1.853847 3.931107 2.105889 4.025805 6.844022 7.56716 6.931726 3.158414 2.174306 6.986701 6.737146 3.15853
0.5904593 0.5684093 0.1233858 1.133386 4.849053 4.411456 5.992319 4.199452 0.7604619 0.2301528 0.05915629 1.56583 4.784559 6.889237 4.096062 5.912188 1.026828 1.239966 1.061398 1.102901 1.068673 0.6993494 0.5904593 0.488786 0.7773321 0.7837263 0.9327695 0.988151 1.558429 4.59237 3.798123 3.908718 1.640313 0.5128876 0.3338395 0.3045284 0.446533 0.3608637 0.001145942 0.001145942 0.001145942 0.001145942 1.168198 1.47448 0.3076573 0.9693794 2.286504 4.232075 3.942294 3.244873 2.060782 1.786388 3.230929 5.567827 7.827236 6.21529 7.787014 7.721536 6.825215 3.39104 1.775046 2.464882
0.1869147 0.1830104 0.04511655 0.9361244 3.202878 4.870088 3.293031 1.164601 1.156392 0.5516676 0.2744543 1.558842 4.910828 6.488274 3.076389 4.977439 2.84844 4.286209 5.700408 4.328897 2.294873 1.079522 0.9236268 0.7497497 0.3539217 0.2719569 0.7392744 1.2122 2.842403 5.840878 1.575497 4.830872 2.005556 0.7319292 0.6172501 0.5614588 0.6507003 0.4669743 0.05956142 0.001145942 0.001145942 0.2013566 0.6652139 1.001951 1.133309 0.6152061 1.316481 2.952832 3.092887 3.962553 3.737054 2.8196 2.849875 5.525012 7.221815 4.073612 3.62142 3.979047 4.468657 5.009207 4.951991 3.848407
0.1010831 0.1236857 1.429199 2.246034 1.730695 0.6460191 1.537921 1.226179 1.538233 0.9695034 1.050958 1.187511 2.959196 5.000442 3.799525 1.550317 5.180827 8.836165 8.804978 8.564061 5.430734 3.087331 1.017841 0.6595822 1.56707 2.087162 0.9069818 2.969751 5.194779 3.381774 3.090903 4.512149 1.160176 0.6405596 0.04502464 0.3484653 0.6029279 0.4873171 0.2465439 0.001145942 0.001145942 0.3777821 0.9499305 0.4425527 0.8696663 1.879326 2.057736 0.4444121 2.485779 1.960851 2.233818 5.578834 4.206103 3.311286 5.277662 3.761232 1.059851 1.757038 2.43957 3.528411 4.534609 5.582849
0.1543531 0.4175551 1.955088 1.062549 1.372596 0.6714125 1.389413 0.7139628 1.439629 1.539794 0.9876813 0.5066093 2.494766 2.343099 2.718527 4.53999 5.800664 6.842097 3.405744 7.579819 4.380559 3.047979 1.178708 0.9114935 3.039436 2.896665 3.106864 4.205231 3.737436 0.7303412 3.854085 2.3771 0.8483655 0.5264054 0.1542732 0.5587997 0.4258737 0.3674974 0.3374693 0.001145942 0.001145942 0.4379382 1.068722 0.6712108 0.7657163 2.3506 1.559939 2.580777 1.164404 1.47858 4.085002 7.898735 7.074338 3.422902 2.620822 3.303934 1.572502 0.9974465 3.743599 4.159199 2.643751 3.440522
0.5761523 1.188803 1.295285 1.183132 1.660268 0.4620123 1.675686 1.878742 1.389171 1.788697 1.331068 0.4676615 4.097779 3.639409 2.034959 5.700444 4.560558 2.783732 5.179024 8.703003 6.296319 3.324034 1.70338 4.172747 2.932312 1.726923 3.443251 3.188855 1.931461 0.4131586 3.424211 2.733113 2.245133 1.017651 0.8422264 1.08184 0.4348712 0.4196655 0.2448662 0.001145833 0.001145833 0.3821925 0.9821621 1.190871 0.5405113 0.5905704 2.273564 1.994392 0.7908132 2.388997 5.555302 5.830973 4.63515 1.57 3.804275 4.082458 1.13226 2.490796 3.219527 2.851669 4.033084 3.897927
0.6282721 1.849864 1.175931 1.112232 0.2180246 2.041698 3.907408 2.707703 1.854108 2.15092 0.7921401 1.364176 2.983899 3.790603 2.914319 5.175536 5.275293 4.35104 5.003893 6.754547 4.791634 0.5280562 5.695039 3.992565 2.59978 2.729217 3.112319 3.367391 2.647772 0.6357377 1.462269 2.627628 2.687035 0.2595425 0.9559185 1.395029 0.3438489 0.2014892 0.1892441 0.001145833 0.001145833 0.2444242 0.9262966 1.70511 0.3537709 1.223652 0.8712244 0.8898594 0.3822694 1.988116 4.834865 7.985553 8.454308 6.773275 5.260775 3.124247 2.418758 3.18847 6.050223 7.458652 8.492619 6.207843
0.8327035 1.768315 1.204649 1.090747 0.3459599 2.490096 4.671 1.658272 4.060834 1.04563 1.413944 1.538371 0.4819593 1.926674 2.297945 3.310872 4.220221 4.818139 4.354034 5.618074 3.30635 3.040202 6.502641 2.676141 2.865975 2.550985 0.6540731 1.291398 2.221361 2.893244 2.273564 2.800162 2.453537 0.413278 1.034905 0.9816952 0.8175531 0.7047915 0.5131974 0.001145942 0.001145942 0.05733335 1.262568 1.932717 0.7124265 1.604885 0.6731579 0.3440928 0.9171017 1.359331 1.103782 3.594437 4.231695 6.774642 7.23207 9.076583 8.863134 8.327648 10.70632 10.30567 3.719433 4.753279
0.6791105 1.140201 0.4946929 0.8302416 1.795735 2.310633 5.152622 1.346435 5.014903 0.1283743 0.596213 0.04522104 0.3751762 1.672731 2.536576 1.685728 1.699772 3.958551 4.306968 4.062679 0.4977945 3.807771 5.236615 2.357992 0.6130148 1.245266 1.379575 2.402809 2.090564 5.156206 2.364927 1.600729 0.9097816 1.287454 1.116009 1.13996 0.6279455 0.5650573 0.6373496 0.001145942 0.001145942 0.001145942 1.281884 1.694771 1.914735 1.138761 0.2879339 0.29909 1.016914 1.192076 1.366809 2.476711 3.014552 5.914548 5.617669 7.100942 8.594996 9.170158 7.282151 4.96228 6.955711 9.357588
0.8066786 0.9330651 0.6076908 1.251337 1.09089 1.954202 4.432391 2.062473 4.831756 0.2921498 0.3160864 0.7872624 1.788245 1.390594 1.559555 2.50448 2.486026 2.762934 1.401566 1.259093 1.902255 4.069888 3.697426 1.786331 1.69166 0.8715069 0.8498396 2.815542 2.3208 4.750198 6.15106 2.841352 3.514743 3.694395 1.95067 1.238422 1.251519 0.6918383 0.3934184 0.1424259 0.32064 0.4356751 0.3555176 1.022447 0.9632552 0.3090989 0.1999493 0.2923747 0.7069697 0.9155976 1.06275 1.803653 2.087132 3.768528 4.389983 4.100437 3.071867 1.335632 1.455524 4.990584 9.254134 10.84636
0.7115622 0.5003012 1.000526 0.8315105 1.096186 1.985803 3.390841 3.163994 3.020806 1.134655 1.180071 1.77669 2.016106 1.684493 0.9539339 1.296392 1.996855 0.8165352 3.110217 2.935827 3.550845 6.169098 6.417372 5.073038 3.307283 1.920258 1.024829 1.316481 3.092292 4.208476 5.924321 1.696514 1.96177 2.833756 2.943061 1.544709 0.6112041 0.3148634 0.2493993 0.05730722 0.5500078 0.5773197 0.6411041 0.1704525 0.2166757 0.2480946 0.2906979 0.04602425 0.3847635 1.031123 0.7883573 0.6869437 0.7505866 1.241579 1.576002 0.5510362 1.753887 0.6329824 1.377043 3.763756 8.145899 10.75811
1.362401 1.037953 1.177538 0.7181279 0.6928662 1.813444 2.70767 2.308506 0.9335266 0.358369 0.7736705 1.158677 3.108946 1.713043 0.9170302 1.296595 3.181221 4.774615 4.792463 6.201756 6.80501 6.775712 5.295366 4.204809 4.122817 1.808832 2.471163 2.196144 1.233998 3.987133 4.809814 3.049995 4.329979 3.718387 2.333347 0.6718317 0.7280273 1.039659 0.746618 0.1401816 0.7871523 0.3412122 0.6623921 0.7243125 0.7108986 0.6891122 0.5135961 0.2833242 0.5469265 0.5208892 0.4079323 0.6783257 0.3940462 0.3927631 0.3658604 0.8535671 1.545462 1.692213 0.6594948 2.1452 5.9684 9.717731
0.6279455 1.61024 0.6898992 0.5677593 0.7935168 1.195814 1.295191 1.478306 0.6428041 0.563188 0.4292825 0.7704393 1.54233 2.163351 2.70767 6.487694 10.05636 8.306687 4.888235 4.647202 5.038151 5.127031 4.510223 3.131499 4.768353 4.349215 4.448526 1.67683 2.786009 2.827687 3.482256 2.028935 0.4878109 0.2031375 0.8702444 0.8923544 0.5079519 0.8937529 0.9451927 0.001145942 0.6805922 0.5707895 0.07495817 0.341722 0.4876307 0.4831962 0.4484012 0.4672404 0.6260483 0.5273414 1.101461 1.350279 0.3928051 0.2711416 0.323503 0.3649719 0.6598058 1.799273 1.164404 0.5484389 4.104687 8.820685
1.822301 1.722827 1.602137 0.5793905 0.6076033 0.4749924 0.1470315 1.018422 1.048949 0.9269698 0.4300643 0.5898363 4.291675 8.905659 10.92115 12.44359 11.65005 9.296614 6.173648 2.16884 2.90664 3.263456 4.739058 4.602739 6.77708 6.875669 7.813084 3.433214 2.357992 2.980343 2.621667 1.207241 1.313303 1.62077 1.903944 1.923809 0.462172 1.148018 0.5559822 0.1237802 0.3353266 0.4590812 0.8293764 0.853865 0.5365571 0.2181748 0.05729576 0.4797538 0.3444746 0.8027483 0.7339947 0.1718868 0.8058851 0.2374829 0.363813 0.4588309 1.58578 2.390126 0.101529 0.9734123 1.195319 6.550598
0.9163679 1.369255 1.254152 0.8729038 1.302763 1.16482 0.8290121 0.6419691 0.2902062 0.4649359 0.4035526 2.436242 6.229781 9.216135 8.431769 7.3119 3.576334 5.162185 5.844629 4.322259 5.592515 3.331352 3.764358 3.178136 4.808764 6.897382 8.822569 7.018352 3.925606 0.860708 0.3038135 1.468486 1.153156 0.724702 0.3869846 1.77769 1.090146 0.803121 0.5738277 0.4223057 0.3236751 0.08155538 1.934969 0.6572015 1.29195 0.3036919 0.1432392 0.4356286 0.4173092 1.675263 1.115462 0.7982433 0.4658949 0.3040566 0.4152197 0.6482002 2.147109 1.444922 1.207906 0.4551044 1.056724 4.603716
