Data/dj/flowtable/dj.slope
ncols         602
nrows         680
xllcorner     419115.19009
yllcorner     2472406.72893
cellsize      500
NODATA_value  -9999
[rows 476 to 503 of 680, columns 248 to 309 of 602]
5.466561 5.27006 3.904691 3.36215 0.9720122 0.628729 1.600993 5.984809 8.273477 8.357674 0.9942462 5.728739 2.448364 6.651642 7.090205 2.534548 0.8955345 1.838634 1.539613 0.8202947 1.481326 0.7530367 1.021622 0.5327742 1.066025 0.4330395 1.078912 1.217766 0.9471614 0.2580836 0.1983569 0.08415356 0.6474211 1.831751 2.424355 1.474359 0.6592087 1.019295 3.822047 5.035793 5.420084 6.494022 6.020782 3.344753 0.2306637 1.494834 4.593336 5.164627 6.784771 6.215485 2.655488 8.009896 3.770194 2.28504 2.626047 5.162276 4.772706 4.298496 10.23554 4.438311 11.04382 7.238244
6.47463 7.926001 6.81716 4.360293 0.7181623 0.9360718 2.419168 8.008096 6.473304 5.504911 5.036834 6.110653 4.519246 6.995994 6.868259 2.224391 0.8617557 0.9335706 1.875384 2.447946 2.746033 2.246465 0.4331155 0.746542 0.8868679 1.985199 1.392853 0.9527342 0.9139528 0.01812077 0.1387492 0.1700262 1.510046 2.662713 1.17078 0.1626896 0.4716288 0.9117951 3.159946 4.979153 4.860554 3.940121 2.912333 1.362401 1.3626 1.683 3.886431 6.578241 7.482465 4.488877 5.016864 7.639684 2.031332 3.919507 5.327401 4.351526 0.8312095 6.247333 9.008045 5.823263 9.395304 12.9285
2.838659 5.980077 9.454537 4.370153 0.7939612 2.307711 3.881371 7.677602 3.221049 7.285079 7.255201 5.421308 5.128322 4.452137 3.321405 2.714108 2.300782 3.258625 3.49364 2.779026 1.882689 2.809107 0.7381425 0.8256 0.7347993 2.191421 1.662444 0.992955 0.6115614 0.1437735 0.308832 0.7998004 1.365723 2.279886 0.8433312 0.1829883 1.095438 1.567641 0.85312 1.017196 1.590774 2.222467 2.013913 1.521624 1.590774 2.456376 3.269898 5.988997 9.735266 9.247431 3.839893 6.617143 1.793426 2.445483 2.182952 0.8815509 4.653195 6.640542 8.269713 10.05294 7.793489 12.93508
6.767653 8.49182 9.864988 2.191944 2.513697 1.467167 3.474361 4.960802 4.395035 5.045561 6.558229 5.856984 3.95087 0.9739302 1.630855 3.742291 4.894548 4.342234 2.441918 3.39355 3.52123 2.115931 0.8344957 1.843607 2.083247 1.62015 2.466628 1.688683 0.4914766 0.4480359 1.234656 0.7558584 0.2136149 1.705531 1.867811 1.06954 1.20902 0.5298938 1.690123 1.344222 2.600366 2.694113 1.673159 0.6635262 0.141597 0.5801336 1.527479 2.865333 5.784452 9.911799 7.273428 4.950249 2.616199 0.787606 1.078224 5.033785 5.269579 4.574322 8.835108 11.13926 6.082543 13.96713
8.1976 8.730956 5.794276 1.037953 3.416998 0.6985687 3.104673 3.703685 4.12911 2.939524 3.474267 3.483985 1.73384 1.900618 1.28623 2.014015 2.146059 0.6282721 3.762623 4.042776 2.019297 4.63231 3.935254 1.316239 1.934874 2.680867 2.624938 1.864668 0.2649758 0.8016815 0.7295936 0.946726 0.7490874 0.8872373 1.838358 2.263455 2.868309 2.978847 2.779026 1.704107 1.01275 0.3170708 0.3297583 0.6292509 0.1430674 0.5905704 0.6306968 1.13226 2.093012 5.763173 5.542813 0.6613585 2.396275 1.438638 2.156428 8.278104 6.999184 5.186973 9.269707 11.33952 5.181023 14.5534
4.980059 3.651967 0.8515269 2.866118 2.789824 1.474154 1.362401 3.821514 3.672452 2.594119 0.6240129 1.460532 2.285304 2.619524 2.577528 3.844193 3.122677 1.961666 2.440325 4.754092 5.39748 2.55872 2.639336 3.442189 2.078046 1.847362 1.703225 1.216099 0.04173755 0.5993109 0.8266718 0.7301502 0.3346629 0.2305569 0.6190889 0.7184138 1.299981 0.8967844 1.326411 1.250012 0.7686574 0.2025703 0.2472681 0.8165352 0.5759528 0.8585413 0.5177366 0.7699906 0.5888311 4.297739 7.416196 3.151747 4.278187 3.215158 2.729153 10.05858 5.982781 4.205958 6.770153 10.84219 9.705188 10.55572
3.673969 0.8140951 2.399457 2.388098 1.783086 2.445749 2.185202 3.22211 3.491419 1.775231 0.3652417 0.2190009 0.8938704 1.205813 1.196115 2.0515 3.399502 3.188086 3.930018 1.990691 2.867544 4.926944 3.985497 2.354448 0.6868867 0.7350761 0.8347702 0.4106098 0.06290604 0.1009617 0.02836719 0.08082584 0.1032138 0.06097693 0.3319908 0.1745876 0.9740525 0.236027 1.057333 0.3979828 0.2641186 0.2900353 0.2005344 0.4529535 0.6183989 0.6088374 0.3694195 0.4674597 0.7657163 4.593493 6.995218 3.410957 1.311644 2.029113 2.457709 7.640172 6.73412 1.357577 6.783969 9.187572 13.37715 4.376747
1.015428 2.450684 3.278191 1.471771 1.096373 1.486048 1.282246 0.9670965 0.8188686 0.9133008 1.127166 3.321475 5.558074 3.988707 1.148673 1.252634 4.189701 2.531787 2.882694 3.529395 3.903938 3.568736 2.514899 1.035977 0.2755401 0.1901255 0.2861906 0.2509582 0.063418 0.04574925 0.1184657 0.1090878 0.06077167 0.1010429 0.3011274 0.4291084 1.014389 0.9597214 1.660742 1.458198 0.2923195 0.2658382 0.1730764 0.1460758 0.2114896 0.263839 0.2879053 0.5345038 2.067512 6.089815 4.915674 1.174923 1.630855 1.691878 1.068876 4.385104 7.433599 8.273863 11.23426 11.61788 12.58247 3.492238
0.1669961 3.068464 3.194509 1.174748 1.742634 0.9171017 1.287936 0.5346733 0.6188248 0.9319654 1.592467 6.567445 3.485098 4.342 3.075724 1.560595 3.425116 6.479201 4.903347 1.35797 2.907836 4.047425 2.5144 0.3183707 0.4577868 0.2632968 0.07326383 0.4152196 0.08308326 0.1013264 0.1035298 0.1182225 0.1145914 0.1430386 0.2840892 0.7470473 1.219348 1.719908 1.693007 2.651778 1.216803 0.1022584 0.2630001 0.2743926 0.3885523 0.4736079 0.1812754 0.6021153 3.040635 5.053926 4.78839 3.044129 3.077186 1.521789 0.7118279 1.239046 9.881362 15.12965 11.85436 11.16786 6.095753 10.41089
0.6830862 3.002924 2.325499 1.701382 1.152224 0.4552125 1.589311 0.572079 3.328024 6.640598 6.702349 3.975612 2.571166 2.624099 1.568848 2.323621 1.689978 1.197612 2.922425 2.022084 4.729094 3.687314 0.796114 0.5949813 0.1449591 0.5521527 0.2693206 0.2831922 0.31412 0.1123292 0.1786219 0.1009649 0.08255608 0.08357154 0.05729648 1.151191 1.922158 2.869897 2.135632 3.608374 1.982448 0.334944 0.1738104 0.2588465 0.2857603 0.1905697 0.7073065 0.6878147 2.320888 4.385854 7.236374 3.822058 2.31771 2.58326 3.924675 3.657943 9.945493 15.69454 10.31183 10.13978 4.749 17.12746
3.040778 2.616603 0.4332763 1.402735 1.335358 1.831871 1.563131 0.6040954 5.750283 8.130586 6.105293 5.079933 1.991514 5.103344 5.593457 3.168616 4.634009 5.493428 0.8791972 3.012177 3.674952 1.243471 0.9567001 0.6955931 0.5150928 0.870212 0.2713242 0.06373911 0.3724173 0.2454938 0.1759481 0.1725768 0.2691822 0.2209274 0.2111599 1.255815 2.028198 3.210884 0.3912238 4.077712 1.70858 0.5446637 0.1723439 0.242275 0.6913497 0.9149572 1.035397 0.9326254 0.7494706 3.393249 7.899368 4.044137 1.331964 4.351836 5.152849 6.459451 5.889721 11.62937 11.7944 11.7399 6.697737 15.93393
2.51675 0.6598058 1.095269 1.248716 1.295627 0.5510216 0.5983422 1.957344 6.45031 7.819459 1.233001 2.955193 3.925606 7.704787 1.992748 7.379191 3.590858 7.440992 3.899427 2.121624 1.128781 1.402245 1.691444 0.8067514 0.1362511 0.7311223 0.3543515 0.309421 0.3537709 0.223516 0.1259245 0.209636 0.2810337 0.1576528 0.3211379 0.8745658 1.990798 3.900385 3.752851 3.627744 1.141945 0.4665397 0.1542227 0.479762 1.474802 1.277831 1.695146 4.261812 5.067888 3.871628 6.617256 3.246258 1.769242 8.083155 7.054759 7.603815 9.430022 9.37551 9.20025 7.575163 11.32799 10.41304
1.847648 2.494573 2.222467 2.124709 1.262174 0.6615477 2.445862 4.185173 5.181179 6.227171 3.923943 7.723507 6.695812 4.746996 1.185348 6.980179 5.158882 5.175931 6.300268 2.084677 1.256096 1.921516 1.833734 1.567803 0.9310846 1.03685 0.4217128 0.1022584 0.1733164 0.1204563 0.24556 0.2191555 0.05353401 0.2578475 0.1885239 0.1632927 0.7358146 1.788399 1.967992 1.398406 0.7699919 0.3159839 0.1420958 0.9673722 1.74827 0.4173683 1.180807 4.658966 1.419587 2.237983 6.014869 8.522777 10.66139 11.94933 9.289516 7.713674 10.36113 8.514545 3.483692 3.699025 11.15159 6.757648
1.159993 1.369288 1.836516 1.276978 0.5609915 1.453888 2.974553 2.688183 2.676438 6.786996 7.704166 6.399384 2.030769 1.673338 0.8884753 6.240793 4.998816 3.95507 4.475284 2.518866 0.9229473 1.519436 2.019398 2.121894 0.8854702 0.1571506 0.02794088 0.1788294 0.2631125 0.1397775 0.1846755 0.05729576 0.2511935 0.1256834 0.1090601 0.04756972 0.04031165 0.2426791 0.5759965 0.74337 0.4665031 0.4648913 0.7997647 0.8510454 1.052585 1.370579 1.539964 4.490633 3.15335 3.389154 8.399247 10.29548 5.571083 5.589395 4.250911 2.016985 6.167789 0.9562447 2.111716 2.708879 10.58985 2.641583
1.952035 1.038605 0.2761351 0.8507608 1.943326 1.331124 1.012345 3.332434 3.760671 5.112082 5.589617 3.512573 1.483286 1.288336 0.3245281 6.248247 3.874366 4.26794 3.117109 1.897514 1.021333 1.997881 0.9360499 1.608669 1.850321 0.2470697 0.1002778 0.08042707 0.121554 0.2005854 0.2727693 0.1430674 0.2816962 0.1236155 0.2030948 0.1539529 0.191919 0.1835925 0.1277328 0.1473095 0.05976154 0.9240804 1.05301 0.899438 0.3650735 0.5840598 1.340838 3.203915 4.119872 6.843274 5.468081 6.877308 7.059907 6.011742 4.796082 2.472885 5.198424 4.297233 8.284177 10.45552 12.03488 6.239742
1.194997 1.021694 0.5348572 0.5788957 0.9936196 1.332395 1.240776 1.385805 2.064365 2.137222 1.410073 1.51502 1.289911 1.038834 1.696142 4.774275 4.36748 3.764351 3.512563 2.052367 1.063784 1.181085 2.094784 1.775813 1.738378 0.3989723 0.1007242 0.09926493 0.07107962 0.17268 0.3458996 0.08666275 0.2674991 0.2424655 0.08114278 0.1616002 0.07248592 0.06399773 0.1171632 0.1636129 0.07687271 0.8741207 1.226317 1.230874 2.049344 2.639585 3.581531 4.004376 3.467956 4.811269 5.293756 6.120797 7.377308 6.031554 2.344334 2.869937 4.930554 1.58891 10.57592 11.14152 10.27099 6.657184
0.1090878 0.5347188 0.2086377 1.109527 1.803126 1.599615 1.294563 1.67435 1.802289 1.402604 0.674321 0.4446245 0.6585862 0.672774 1.754452 3.084678 4.456982 3.831013 3.061404 0.5877576 0.1618388 0.5472112 0.4557354 0.8887433 0.9108739 0.2430037 0.1143139 0.08303138 0.1014708 0.02865356 0.3375387 0.1220563 0.1474737 0.2537359 0.2411115 0.1010269 0.1265771 0.2327996 0.2579964 0.1640021 0.08389107 0.3801498 1.017037 2.509513 1.601433 0.5473005 2.474887 1.556255 1.883436 3.250358 4.874394 9.225247 7.43206 5.140001 2.390325 6.243495 7.910375 4.597344 9.467813 9.716735 5.189007 3.287033
0.4861591 0.6254119 0.7137557 0.7915596 0.6442661 0.8117942 0.7520226 0.7385086 0.5282608 0.4037032 0.2613162 0.1535288 0.02836719 0.1213426 0.9181746 0.7068305 1.260362 1.778092 1.122887 0.2375206 0.4057441 0.673097 0.3993517 0.1016906 0.7750941 1.178364 0.8499848 0.09041295 0.2032241 0.4596852 0.3870983 0.1082603 0.08565712 0.1618541 0.2479579 0.07940886 0.07940886 0.1518335 0.06965648 0.03869161 0.05186177 0.2648314 0.3156383 1.16278 2.20387 2.722437 3.120058 2.666866 1.779709 1.948877 7.587095 8.841831 5.068008 4.777977 4.348092 7.510633 8.028312 7.657172 2.242644 10.99241 11.82787 2.881558
1.217672 1.106707 1.076898 0.8323681 0.2637496 0.4434973 0.3170708 0.5741801 0.5290719 0.3414596 0.2865281 0.266664 0.1856188 0.1480028 0.5691889 1.025437 0.9775078 0.8112427 0.3979828 0.4274989 0.6080282 0.3322008 0.3091422 0.5757676 1.108602 2.172143 3.17357 1.888183 0.33235 0.5644263 0.5506641 0.3353111 0.1460758 0.223746 0.1805358 0.1009415 0.1066932 0.04548071 0.1011121 0.3262697 0.6536885 0.6569288 0.3338926 0.2442125 0.8744673 1.377367 1.443645 3.322512 4.66194 4.628927 6.351912 5.940038 5.645148 6.413189 4.178405 10.46526 6.01917 10.44193 6.261904 6.729064 14.95387 7.146561
0.9807082 0.6687039 0.4149092 0.1850909 0.2971699 0.4062306 0.4455007 0.4316484 0.2678936 0.2331433 0.2016104 0.04403393 0.1966525 0.3049366 0.2371021 0.08357154 0.3897318 0.6879638 0.6806614 0.5281173 0.7826733 0.2311254 0.5072326 0.2288954 0.892704 2.489959 1.370539 2.736812 0.173219 0.7533426 0.4975222 0.5531617 0.1356169 0.09086434 0.1703161 0.2832529 0.1703333 0.06117782 0.07171816 0.6844555 0.8489292 0.7120059 0.3851832 0.2361675 0.8929796 0.7091657 1.195089 3.93937 5.929132 4.022103 2.923614 3.702775 5.485992 7.092019 5.541418 11.36524 2.735704 10.10362 13.41426 9.363848 15.49401 7.159708
0.04457486 0.06373913 0.02836143 0.04502461 0.2702112 0.1217539 0.3287255 0.08102943 0.1563716 0.3268839 0.4240434 0.407068 0.295057 0.06009571 0.2463421 0.204596 0.246437 0.5473005 1.094501 0.9782545 0.9022794 0.4258834 0.633501 0.6308659 0.7176024 2.317564 3.147374 2.06209 0.1724361 0.1916629 0.3538992 0.3867832 0.143096 0.1626647 0.1663116 0.1634201 0.3230658 0.3713143 0.7331362 0.7479325 0.790603 0.4894157 0.6581567 0.7333746 1.23157 0.9418517 0.6889054 1.636019 5.881347 6.854559 4.953098 4.352584 6.703029 5.276523 7.632695 8.878545 2.005556 3.596765 10.62556 13.82381 12.7725 4.207653
0.05686624 0.0567257 0.001012837 0.03930716 0.423774 0.1622611 0.3160082 0.1176002 0.07253318 0.1867607 0.1181181 0.1420979 0.3617586 0.3369131 0.09905388 0.224968 0.1567956 0.1080666 0.5868765 0.9759113 0.7753003 0.09050232 0.2899507 0.1435729 0.4662558 0.8147609 0.7675311 0.5216932 0.6351425 0.2618107 0.3032384 0.1279892 0.06036652 0.02091295 0.181505 0.3229361 0.2822108 0.3861262 0.3858161 0.04538769 0.5703123 0.5489043 0.3143677 2.269436 2.949904 3.970238 6.348238 6.478098 3.370362 6.217629 5.846568 5.374629 4.881704 3.710041 7.159371 6.084842 2.324867 2.251541 4.58924 6.290183 4.421218 1.106428
0.08269119 0.04051876 0.0008102453 0.1461671 0.4368725 0.3038143 0.2922627 0.1906536 0.06117681 0.1629923 0.1859038 0.1861235 0.1470368 0.3405832 0.4065059 0.4252838 0.05073385 0.06726152 0.1740185 0.2289459 0.2428815 0.1890199 0.4132923 0.7054407 0.5363584 0.2448607 0.1519725 0.06646865 0.3137956 0.4585512 0.2208533 0.04548072 0.1420027 0.08906148 0.06342126 0.2291741 0.2426259 0.86915 0.5579622 0.4176038 0.3992321 0.4082484 0.6575798 2.693877 3.224663 7.658585 11.64559 11.80719 8.090714 5.70694 6.424379 1.831162 1.960099 5.784732 4.832796 1.670308 3.336927 2.693625 3.885981 1.686822 0.6253265 0.4171122
0.3043758 0.1024252 0.0202733 0.1731752 0.3123745 0.5771758 0.2136348 0.254924 0.05672351 0.08508608 0.1135888 0.1661111 0.1810037 0.02013724 0.5669094 0.5015957 0.5523598 0.2084945 0.2611721 0.3100255 0.4626268 0.5905716 0.7225984 0.3880892 0.1957851 0.3357666 0.3743994 0.3878866 0.3732763 0.3675166 0.2493651 0.2443307 0.1425236 0.5649943 0.8873119 0.6114085 0.2155051 1.132099 0.1719389 0.6574262 0.3990175 0.3830697 0.8617778 3.91079 5.744315 9.196457 6.513093 4.974051 7.575772 6.417781 5.412785 3.611883 6.67381 5.631821 2.656181 3.695769 6.174594 6.020035 2.905585 0.7943794 0.4051356 0.4297103
0.3155672 0.1145914 0.02893434 0.1170067 0.0742776 0.3159623 0.2329406 0.2861475 0.1084867 0.0636128 0.04511655 0.04411865 0.07286957 0.1581619 0.5669279 0.1236419 0.6741884 0.194271 0.2537346 0.09885544 0.50682 0.7104776 0.7480235 0.353264 0.245182 0.07087093 0.123219 0.1718868 0.1468671 0.1243953 0.1418047 0.04031216 0.1415983 1.64802 1.506874 1.539173 0.5987108 0.3651748 0.7984593 0.2631075 0.3102297 0.5941731 1.346951 4.422945 5.326112 6.775148 7.931029 6.329727 1.847648 2.071767 1.295285 6.192075 6.627603 3.827977 6.032824 7.207253 5.897388 8.629736 4.497572 0.5454231 0.6898992 0.6043055
0.3003645 0.09059248 0.02850788 0.1421513 0.1524134 0.36103 0.2488829 0.2898415 0.1291713 0.0002025758 0.04475721 0.04448545 0.1003135 0.1357085 0.4024648 0.2755245 0.242185 0.4817283 0.4503357 0.4238425 0.8455914 0.5505338 0.8795609 0.1616581 0.08428634 0.1416006 0.1822149 0.1611837 0.1205549 0.1336361 0.2404075 0.3160672 0.4068562 1.926043 0.1412341 1.44194 0.3537709 0.3532725 0.702913 0.7491531 0.9415988 1.399511 1.094079 2.661646 4.93206 5.038957 4.475437 4.263054 7.191376 9.312621 8.170767 5.453493 7.018381 0.6523013 9.106606 7.233737 5.625776 10.04167 4.636861 0.6687614 0.5736544 1.974884
0.1534756 0.04547889 0.08001556 0.1464442 0.09674519 0.388 0.2638565 0.3182628 0.1290769 0.02005454 0.102975 0.1188477 0.1624422 0.1007183 0.1801892 0.1474737 0.08102842 0.1004713 0.3318137 0.3973622 0.4054095 0.6333975 0.54458 0.4625448 0.02025712 0.07461657 0.1128904 0.2478139 0.1899671 0.1308552 0.1591732 0.08322883 0.2443642 1.52375 1.599195 1.223229 0.4372826 0.3205206 0.874383 1.095741 2.025034 2.488472 2.125902 2.367003 4.066674 2.66126 2.188204 3.321036 3.553431 4.322259 5.394287 3.919576 6.023165 1.329036 8.546929 8.290846 5.398833 10.17806 3.855212 0.6160724 1.403758 1.807851
0.08905249 0.001215416 0.07197235 0.1009617 0.2388019 0.3862892 0.333564 0.3543607 0.09023031 0.06329042 0.1579017 0.0452065 0.2109075 0.0998677 0.09004936 0.0455713 0.157098 0.2908576 0.4613559 0.2756748 0.5268261 1.723048 2.051536 1.932089 0.2309654 0.04570212 0.06181737 0.08924397 0.01965358 0.04420926 0.09808495 0.07083996 0.01911052 0.3918669 0.9661492 0.7888771 0.4982466 1.945622 2.835487 2.635768 3.148096 3.627951 4.189315 3.961524 2.093685 1.423185 3.287991 2.393149 0.4746286 1.73981 2.343798 3.674952 5.082809 3.028173 6.964787 9.691445 5.076974 8.631834 3.709106 0.4698498 1.402735 1.786186
